llh_GD_EXP: array([-1084.0735274 ,  -915.37389554,  -945.01281101,  -915.39162482,
        -894.94553063,  -928.40791299,  -926.54175986,  -923.19885579,
        -879.51342987,  -903.83498364,  -861.36984134,  -934.2797482 ,
        -920.73017266, -1024.758014  ,  -890.62676475,  -910.64533381,
        -919.01316154,  -927.07082252,  -928.15413747,  -904.00903856,
        -859.92748682,  -853.69967937,  -826.56656996,  -880.07424418,
        -851.6018672 ,  -843.38847617,  -873.33928007,  -862.36758905,
       -1095.89809727,  -888.98277573,  -853.69525928,  -887.86160766,
        -889.00691929,  -865.54296156,  -856.8128871 ,  -892.31768741,
        -867.7167131 ,  -888.60719037,  -956.30165759,  -859.92378461,
        -636.12074003,  -656.76292798,  -368.93771676,  -655.91649184,
        -501.45734526,  -599.45059054,  -675.36091239,  -628.71866935,
        -444.17507304,  -572.54394803,  -676.82198244,  -465.15592291,
        -670.79307535,  -722.96686584,  -576.63250372,  -501.86241296,
        -608.89554426,  -630.72450172,  -656.20171196,  -712.99281489,
        -936.93126361,  -940.75674124,  -875.47946961,  -852.29098976,
        -912.84430899,  -887.53614379,  -906.41664184,  -903.89526635,
        -896.63430602,  -942.2001284 ,  -913.04824762,  -880.82235906,
        -927.94868923,  -903.24465533,  -886.95469291,  -894.99487361,
       -1008.50303434,  -937.37930639,  -856.53899934,  -890.58898562])
llh_GD_EXP_Renorm_alpha: array([ -923.09581354,  -943.26928108,  -944.81902903,  -918.49764363,
                 -inf, -1042.67098164, -1056.62857874, -1007.24878611,
       -1155.41682758, -1081.0295773 , -1154.19449529,  -986.01189123,
       -1166.1340832 ,  -982.10709896, -1082.38619525, -1045.88904611,
        -984.48059697,            nan,  -962.80411572, -1220.05668107,
       -1115.15653513,           -inf,           -inf,           -inf,
                 -inf,  -862.49797185,  -948.43055454,  -991.32439754,
        -841.58757179,           -inf,  -936.0407385 ,  -985.27097324,
       -1153.85619108, -1109.44432391,  -934.74060448, -1174.02117935,
       -1108.06828314, -1140.05043042, -1055.07678729, -1092.79840584,
        -718.91608269,  -685.16610164,  -361.54581231,  -675.18843141,
        -511.5506892 ,  -592.39406914,  -682.45183677,  -636.50598571,
        -426.87198594,  -543.80806428,  -673.21471164,  -487.50730452,
        -676.57523118,  -804.23525057,  -567.29962164,  -477.6678383 ,
        -618.06514003,  -684.3759876 ,  -657.50364758,  -700.05239908,
       -1056.87343601,  -985.74111867,  -894.96821333, -1055.34395226,
        -940.35477031,  -951.83253269, -1021.83603041,  -918.16254661,
       -1104.15060065,  -904.68409912,  -952.97131512,  -980.379492  ,
       -1135.74330063,  -913.58251205, -1021.26075309, -1001.87154656,
       -1066.74538598, -1142.52650292, -1044.93799027,  -900.78746118])
llh_GD_EXP_Renorm_beta: array([-1199.50846066, -1068.33962603,  -993.98802603, -1139.52998345,
                 -inf, -1087.32517756, -1790.22854167, -1131.61602884,
       -1581.76246122, -1176.09097242, -1479.62450777, -1040.31846526,
       -1262.34959193,  -994.59561936, -1279.75787343, -1109.77887398,
       -1096.89051564, -1748.46837414,  -996.23281445, -1569.50876857,
       -1191.59222937, -1584.89896192, -1530.74960917,           -inf,
                 -inf,  -914.72273196, -1105.70932766, -1421.30560773,
        -995.15490129,           -inf, -1164.45560677, -1117.56469347,
       -1196.97386783, -1421.35695483, -1036.98636665, -1183.32776866,
       -1401.20436088, -1566.79688281, -1077.9480705 , -1178.4586796 ,
        -995.52565088,  -862.2666107 ,  -368.18341137,  -812.14089733,
        -550.21990799,  -597.26360772,  -783.91621849,  -667.61925414,
        -434.1566889 ,  -553.58380037,  -666.66622308,  -678.9616728 ,
        -872.49830376,  -920.97247473,  -813.86031017,  -635.18717238,
        -752.67822434,  -739.95317766,  -763.28917037,  -708.86581721,
       -1070.33450786,  -999.59810438, -1121.99487298, -1149.99712714,
       -1010.7567485 , -1064.60900338, -1082.29715338,  -988.72596035,
       -1220.05862376, -1139.14712404, -1369.4655539 , -1144.66325588,
       -1142.03039539, -1198.61222631, -1193.10703157, -1286.38134266,
       -1078.39091769, -1157.92068181, -1313.33886341, -1107.09025307])
llh_GD_EXP_Renorm_alphabeta: array([-1013.58451968,  -979.54517676,  -958.11696742,  -989.54329255,
                 -inf, -1052.44265392, -1790.22847055, -1041.44656356,
       -1344.60947698, -1100.16314085, -1260.03675523, -1000.72486473,
       -1180.59014596,  -988.08650111, -1133.11534182, -1058.98278156,
       -1015.65235576,            nan,  -971.64951551, -1332.66538734,
       -1120.38226103, -1584.89908916, -1530.74983663,           -inf,
                 -inf,  -877.20820212,  -994.65517775, -1166.43609166,
        -889.90793652,           -inf, -1009.3547464 , -1022.61231101,
       -1149.32251366, -1212.3000236 ,  -963.3498727 , -1161.57408528,
       -1201.52608356, -1311.45580437, -1060.4243132 , -1104.9427221 ,
        -795.37901304,  -733.28728945,  -364.43084459,  -712.56514338,
        -521.85036478,  -593.96937155,  -708.82798485,  -644.31234956,
        -430.30229497,  -547.96598048,  -669.84306062,  -540.05943872,
        -730.56167558,  -835.93350014,  -637.34740733,  -520.65773785,
        -654.30088582,  -700.42161614,  -685.31869093,  -704.08148267,
       -1058.75279651,  -990.5161541 ,  -968.54229276, -1068.87743865,
        -960.16348798,  -982.68433148, -1035.50564645,  -938.51238126,
       -1125.67780924,  -980.40491612, -1104.19576347, -1028.07721188,
       -1131.1536343 , -1011.65794372, -1067.17449787, -1091.98099226,
       -1070.59355805, -1139.09581603, -1125.83653028,  -967.12724607])
max_EXP_Renorm: array([ -923.09581354,  -943.26928108,  -944.81902903,  -918.49764363,
                 -inf, -1042.67098164, -1056.62857874, -1007.24878611,
       -1155.41682758, -1081.0295773 , -1154.19449529,  -986.01189123,
       -1166.1340832 ,  -982.10709896, -1082.38619525, -1045.88904611,
        -984.48059697,            nan,  -962.80411572, -1220.05668107,
       -1115.15653513, -1584.89896192, -1530.74960917,           -inf,
                 -inf,  -862.49797185,  -948.43055454,  -991.32439754,
        -841.58757179,           -inf,  -936.0407385 ,  -985.27097324,
       -1149.32251366, -1109.44432391,  -934.74060448, -1161.57408528,
       -1108.06828314, -1140.05043042, -1055.07678729, -1092.79840584,
        -718.91608269,  -685.16610164,  -361.54581231,  -675.18843141,
        -511.5506892 ,  -592.39406914,  -682.45183677,  -636.50598571,
        -426.87198594,  -543.80806428,  -666.66622308,  -487.50730452,
        -676.57523118,  -804.23525057,  -567.29962164,  -477.6678383 ,
        -618.06514003,  -684.3759876 ,  -657.50364758,  -700.05239908,
       -1056.87343601,  -985.74111867,  -894.96821333, -1055.34395226,
        -940.35477031,  -951.83253269, -1021.83603041,  -918.16254661,
       -1104.15060065,  -904.68409912,  -952.97131512,  -980.379492  ,
       -1131.1536343 ,  -913.58251205, -1021.26075309, -1001.87154656,
       -1066.74538598, -1139.09581603, -1044.93799027,  -900.78746118])
llh_GD_PWL: array([ -935.58568478,  -951.79423657,  -901.9480785 ,  -908.17877964,
       -1338.4458246 , -1009.42851742, -3573.40482825,  -915.32995705,
        -874.90788715,  -890.66342037,  -862.45935362,  -925.96181742,
        -967.42559537,  -910.6947996 ,  -890.31545125,  -916.96618648,
       -6740.11062917,  -895.11395616,  -928.11897599, -4898.77656088,
        -846.41188919,  -844.99714456,  -837.79146444, -1557.72009801,
        -897.42483   ,  -838.88621772,  -883.987012  , -1038.35263684,
       -1044.95186753,  -893.18633072,  -862.19142292,  -876.65614167,
        -866.96100048,  -878.68320142,  -947.30235015,  -852.64981285,
        -860.92697618, -2193.61846434,  -991.57576374, -3120.0425057 ,
       -5246.96479203,  -934.84446855,  -456.71121079,  -726.38602863,
        -689.26507694,  -841.77842267,  -741.64637842,  -680.03438201,
       -2503.32133311,  -695.31692829,  -725.61642767,  -662.52061204,
        -880.5336955 ,  -758.11214391,  -647.92498245,  -602.83747322,
        -807.16206083,  -739.28929112,  -870.77177077,  -836.70743928,
        -870.34103719,  -871.16134281,  -929.62243991,  -850.24120384,
        -914.95904181, -1153.96136376,  -887.1288176 ,  -897.67941986,
        -894.19050687,  -921.05568873,  -938.30312922,  -881.34544294,
        -901.31039668,  -959.61705246,  -888.27059806,  -897.09751348,
       -1078.78374674,  -897.28884663,  -858.48702377, -1027.26329008])
llh_GD_PWL_Renorm_K: array([  -1081.4011661 ,   -1033.11585144,   -1088.28791582,
         -1074.4266765 ,   -3191.82255901,   -1755.10686621,
       -120567.82280093,   -1064.46741846,   -1070.61208225,
         -1300.28084208,   -1143.23731602,   -1149.32927771,
         -1200.80764187,   -1332.93141553,   -1044.51578468,
         -1256.96492112,  -48177.30697619,    -997.55716818,
          -997.46449134, -134879.39654143,   -1020.711934  ,
          -945.2021216 ,   -1025.04871683,   -1791.61110639,
         -3277.40719971,   -1002.57941502,   -1760.3766968 ,
         -1316.43457855,   -1919.99553025,   -1015.41866761,
          -981.466153  ,   -1046.25567045,             -inf,
         -1013.86088675,   -1380.17149433,   -1309.85698719,
         -1092.01507033,   -5713.20379358,   -1556.71964221,
         -3067.37279445,   -3867.26983474,   -8356.45702722,
         -1182.06197738,    -869.6469639 ,   -1458.64205125,
          -826.64509847,   -1139.69151138,   -2896.58583964,
         -7485.28946899,   -1005.01767321,    -712.92115128,
          -650.21957234,   -1408.33961891,   -1165.33809532,
          -703.4529148 ,    -645.53735863,    -985.63719926,
          -999.30872909,   -1674.03267223,   -1443.6557368 ,
         -1055.38284429,   -1045.6108313 ,   -1336.03162993,
         -1109.42146979,   -1619.17714232,   -4203.26625228,
         -1252.08146162,   -1122.76530348,   -1135.13488241,
         -1170.25144961,   -1408.03387521,   -1644.25787049,
         -1115.36954017,   -1203.02421822,   -1062.82102981,
         -1026.69878817,   -1408.86942674,   -1040.25593132,
         -1337.70754666,   -1519.19582886])
llh_GD_PWL_Renorm_c: array([-1144.42122642, -1050.15667394, -1273.65225833, -1426.75922716,
       -1456.15582141, -1227.50433872, -3668.76091759, -1285.74864236,
       -1389.34561069, -1228.88331824, -1267.15826848, -1256.32249801,
       -1242.09534688, -1322.62682223, -1187.7923712 , -1051.89660045,
       -8100.99530703, -1063.2111791 , -1010.22700643, -5153.65118701,
       -1074.62977236, -1025.63660013, -1195.53347324, -1506.57770505,
       -1276.73346637, -1194.34478219, -1455.12716317, -1269.72985741,
       -1272.70627196, -1125.67429005, -1089.17681372, -1397.69174705,
                 -inf, -1114.53679857, -1138.66833418, -1070.83463944,
       -1262.23021296, -2503.98448799, -1258.60823507, -2902.78653292,
       -3939.93420899, -1419.67341957, -1064.16968433, -1105.31648834,
       -1208.50028733, -1000.99686584, -1141.98714623,  -894.08324328,
       -2838.29570508, -1161.99042792, -1165.51305927,  -973.65624737,
        -852.9533382 , -1347.2524289 , -1242.85866248,  -667.36163215,
       -1064.39881925, -1301.91060878,  -829.0475766 , -1033.84781936,
       -1255.36592579, -1241.85938585, -1262.97090942, -1156.47510655,
       -1100.99447023, -1349.70854648, -1160.99903887, -1187.79335696,
       -1173.33576021, -1238.77943859, -1209.13093044, -1513.39717113,
       -1184.23551615, -1029.7062402 , -1178.40308423, -1241.51554329,
       -1336.30516217, -1178.3627344 , -1136.35269117, -1137.45671885])
lllh_GD_PWL_Renorm_p: array([ -944.35440761,  -963.96276184, -1020.60871273, -1227.31080851,
       -1221.75200808,  -931.59641311, -2944.63445207, -1020.19906958,
       -1188.22989991,  -967.41771225, -1050.81904288,  -975.3503679 ,
        -941.21483123, -1054.404507  ,  -967.2535052 ,  -957.59957611,
       -6016.15048647,  -913.67171707,  -943.72953431, -4256.13338319,
        -873.27110218,  -861.37085987,  -924.71798567, -1375.51037266,
        -970.48691228,  -937.48070964, -1284.31428895,  -924.64443993,
        -916.06668976,  -927.4221835 ,  -899.83402056, -1187.14936239,
                 -inf,  -905.12214965,  -888.27213063,  -876.2934724 ,
       -1003.07386749, -1802.30575699,  -931.23782803, -2622.70995059,
       -4045.6345021 ,  -768.5356358 ,  -609.92043014,  -762.71722163,
       -1085.66249276,  -669.34761027, -1138.47279303,  -707.36269143,
       -1227.46750359,  -832.07871303,  -808.38748118,  -619.4270531 ,
       -1029.07292368, -1037.48432295,  -828.67287714,  -520.48065954,
        -681.70145691,  -907.52240051, -1166.00633551,  -786.46911993,
       -1008.51499623,  -977.66548569,  -937.96758907, -1050.70336076,
        -925.79405609,  -993.02281803,  -961.19331128, -1035.20219382,
       -1094.74692917,  -956.0810254 ,  -942.697164  , -1407.66139794,
        -912.60849037, -1022.32714887,  -979.64740404,  -981.07995747,
        -947.67029141,  -933.4846655 ,  -915.0585794 ,  -945.34940771])
llh_GD_PWL_Renorm_Kc: array([ -944.35440761,  -963.96276184, -1020.60871273, -1227.31080851,
       -1221.75200808,  -931.59641311, -2944.63445207, -1020.19906958,
       -1188.22989991,  -967.41771225, -1050.81904288,  -975.3503679 ,
        -941.21483123, -1054.404507  ,  -967.2535052 ,  -957.59957611,
       -6016.15048647,  -913.67171707,  -943.72953431, -4256.13338319,
        -873.27110218,  -861.37085987,  -924.71798567, -1375.51037266,
        -970.48691228,  -937.48070964, -1284.31428895,  -924.64443993,
        -916.06668976,  -927.4221835 ,  -899.83402056, -1187.14936239,
                 -inf,  -905.12214965,  -888.27213063,  -876.2934724 ,
       -1003.07386749, -1802.30575699,  -931.23782803, -2622.70995059,
       -4045.6345021 ,  -768.5356358 ,  -609.92043014,  -762.71722163,
       -1085.66249276,  -669.34761027, -1138.47279303,  -707.36269143,
       -1227.46750359,  -832.07871303,  -808.38748118,  -619.4270531 ,
       -1029.07292368, -1037.48432295,  -828.67287714,  -520.48065954,
        -681.70145691,  -907.52240051, -1166.00633551,  -786.46911993,
       -1008.51499623,  -977.66548569,  -937.96758907, -1050.70336076,
        -925.79405609,  -993.02281803,  -961.19331128, -1035.20219382,
       -1094.74692917,  -956.0810254 ,  -942.697164  , -1407.66139794,
        -912.60849037, -1022.32714887,  -979.64740404,  -981.07995747,
        -947.67029141,  -933.4846655 ,  -915.0585794 ,  -945.34940771,
       -1735.51282148])
llh_GD_PWL_Renorm_Kp: array([  -975.34622292,   -990.88323058,  -1022.71655881,   -984.26500221,
        -1975.14181514,  -1160.45101785, -18664.97846922,   -976.30909965,
         -964.34788314,   -951.84914949,  -1067.29488568,   -962.30287258,
         -972.57384789,   -924.30436146,   -980.39592691,  -1101.2834427 ,
       -17001.43547306,   -938.71456906,   -965.67337848, -24038.51028952,
         -902.08906999,   -881.7645599 ,   -896.0312275 ,  -1545.55021844,
        -1109.73927825,   -884.81523745,   -936.56331985,   -975.3161047 ,
        -1188.84059589,   -949.85085589,   -919.45766321,   -965.30048486,
                  -inf,   -927.88575444,  -1042.54431548,   -993.09380753,
         -992.83302919,  -3056.92734166,  -1080.31301112,  -2753.23484123,
        -3993.96825747,  -1648.6783601 ,   -424.16103219,   -693.95483023,
         -588.00609067,   -635.50854942,  -1139.08062011,  -1236.1779338 ,
        -2921.09165485,   -563.36322137,   -646.47779217,   -494.03901042,
        -1245.97727121,  -1068.54199801,   -569.43560087,   -556.15587641,
         -674.37766929,   -882.66753526,  -1469.15165676,  -1046.97243512,
         -970.39460242,   -956.17008868,   -942.8145028 ,  -1075.56623824,
        -1178.23327688,  -1854.67728561,   -964.79833195,  -1069.04010612,
        -1113.36254584,   -932.39770543,  -1064.02730202,   -985.91888681,
         -912.63026742,  -1117.15495904,  -1002.24225292,   -935.01440707,
         -999.17373803,   -919.73594917,   -942.1774938 ,  -1171.85419906])
max_PWL_Renorm: array([ -944.35440761,  -963.96276184, -1020.60871273,  -984.26500221,
       -1221.75200808,  -931.59641311, -2944.63445207,  -976.30909965,
        -964.34788314,  -951.84914949, -1050.81904288,  -962.30287258,
        -941.21483123,  -924.30436146,  -967.2535052 ,  -957.59957611,
       -6016.15048647,  -913.67171707,  -943.72953431, -4256.13338319,
        -873.27110218,  -861.37085987,  -896.0312275 , -1375.51037266,
        -970.48691228,  -884.81523745,  -936.56331985,  -924.64443993,
        -916.06668976,  -927.4221835 ,  -899.83402056,  -965.30048486,
                 -inf,  -905.12214965,  -888.27213063,  -876.2934724 ,
        -992.83302919, -1802.30575699,  -931.23782803, -2622.70995059,
       -3867.26983474,  -768.5356358 ,  -424.16103219,  -693.95483023,
        -588.00609067,  -635.50854942, -1138.47279303,  -707.36269143,
       -1227.46750359,  -563.36322137,  -646.47779217,  -494.03901042,
        -852.9533382 , -1037.48432295,  -569.43560087,  -520.48065954,
        -674.37766929,  -882.66753526,  -829.0475766 ,  -786.46911993,
        -970.39460242,  -956.17008868,  -937.96758907, -1050.70336076,
        -925.79405609,  -993.02281803,  -961.19331128, -1035.20219382,
       -1094.74692917,  -932.39770543,  -942.697164  ,  -985.91888681,
        -912.60849037, -1022.32714887,  -979.64740404,  -935.01440707,
        -947.67029141,  -919.73594917,  -915.0585794 ,  -945.34940771])
llh_GD_QEXP: array([  7.42057048e+00,  -3.41743291e+02,  -9.84508014e+02,
        -2.99391192e+02,  -2.36106573e+02,  -4.33159894e+02,
        -1.32584602e+03,  -5.94885695e+02,  -2.61907763e+03,
         6.05057309e+01,  -1.49756171e+02,  -9.40473814e+02,
        -2.92947394e+02,  -3.51574340e+02,  -1.73364185e+02,
         1.41813001e+03,  -6.57703474e+02,   8.80045568e+02,
        -9.45712645e+02,   1.11838712e+01,  -1.33157808e+03,
        -1.82191704e+02,  -1.07147870e+02,  -3.11124568e+02,
        -1.96768278e+02,  -4.24423055e+01,  -3.97830214e+02,
        -3.43152676e+00,  -1.96468615e+02,  -3.10709316e+02,
        -1.49715504e+01,  -5.84706945e-01,  -1.30655677e+02,
         9.27507927e+02,  -4.22223113e+02,  -1.90350494e+02,
        -1.05219550e+03,   3.49570351e+01,  -1.74001043e+02,
        -4.50515299e+02,  -2.34889358e+01,   5.68060106e+03,
         6.87003218e+02,  -8.66605125e+02,   1.44063731e+02,
         3.34497240e+02,  -3.03172718e+02,   5.77449220e+03,
         8.13519352e+03,  -3.70863138e+03,   4.02110634e+03,
        -8.40944764e+02,  -1.21372456e+03,   1.83476407e+03,
        -7.88153105e+02,  -1.01351839e+04,  -4.88273397e+02,
         6.92346226e+03,  -1.12734996e+03,   2.09293680e+02,
         2.91915803e+02,  -3.31383737e+02,  -7.10125738e+02,
        -6.56797774e+02,  -7.66662731e+02,  -6.21878367e+02,
        -3.20059663e+02,   1.25014118e+03,  -2.73345016e+02,
        -2.44773205e+02,  -1.89911600e+03,  -6.41976074e+02,
        -3.58415125e+02,  -1.99999284e+02,   1.96583717e+03,
         3.02282228e+01,   2.86723625e+01,   2.82458665e+02,
         2.39848100e+02,   1.03204058e+03])
llh_GD_QEXP_Renorm_a: array([ -1746.66529358,   -341.74329058,   -984.50801373,   -299.39119231,
        -1649.03250169,   -433.15989405,  -1325.84602483,   -594.8856947 ,
        -2619.07763358,    380.60661689,  -1596.92826558,   -940.47381392,
        -1716.62168592,  -1727.42862179,  -1693.78472423,   1101.19175842,
         -657.70347354,   1117.8528041 ,   -945.71264545,  -1756.42749518,
        -1331.57808458,  -1539.62623465,  -1487.74960917,  -1605.22521796,
        -1554.95385484,  -1516.63552866,   -397.83021355,  -1607.67640109,
        -1485.18268292,  -1649.27945727,  -1557.39680029,  -1635.99112401,
        -1608.58189453,    966.87222715,   -422.22311271,  -1528.91791951,
        -1052.19550041,  -1682.43375846,  -1651.56286409,   -450.5152988 ,
          -23.48893575,   4679.82153446,  -3491.47866   ,   -866.60512539,
        -3217.82584258,  -3185.79837129,   -303.1727182 ,   5516.6776155 ,
         6415.61641449,  -3708.63137849,   3985.07490926,   -840.94476379,
        -1213.72456401,   2417.27349536,   -788.15310537, -10135.1838794 ,
         -488.27339683,   5548.7090458 ,  -1127.34995721,  -3204.01150424,
           36.63836346,  -1608.96356487,   -710.1257385 ,   -656.79777371,
         -766.66273099,   -621.87836729,  -1688.24622526,    395.35435615,
        -1689.64262142,  -1698.31596562,  -1899.11600416,   -641.97607433,
         -358.41512454,  -1734.62885242,   1125.92572919,  -1732.6469107 ,
         -314.41776372,    932.40510273,    -12.51887516,    684.84062925])
lllh_GD_QEXP_Renorm_q: array([ -1746.66529358,   -341.74329058,   -984.50801373,   -299.39119231,
        -1649.03250169,   -433.15989405,  -1325.84602483,   -594.8856947 ,
        -2619.07763358,    507.03471499,  -1596.92826558,   -940.47381392,
        -1704.28392612,  -1727.42862179,  -1693.78472423,   1753.02576259,
         -657.70347354,    623.29771655,   -945.71264545,  -1732.28312944,
        -1331.57808458,  -1539.62623465,  -1487.74960917,  -1605.22521796,
        -1554.95385484,  -1516.63552866,   -397.83021355,  -1592.96176662,
        -1485.18268292,  -1649.27945727,  -1557.39680029,  -1635.99112401,
        -1608.58189453,    906.45961176,   -422.22311271,  -1528.91791951,
        -1052.19550041,  -1682.43375846,  -1651.56286409,   -450.5152988 ,
          -23.48893575,   6489.53210994,  -3491.47866   ,   -866.60512539,
        -3217.82584258,  -3185.79837129,   -303.1727182 ,   5928.71239555,
         9438.62120827,  -3708.63137849,   4274.71604953,   -840.94476379,
        -1213.72456401,   3267.29439406,   -788.15310537, -10135.1838794 ,
         -488.27339683,   7783.10654757,  -1127.34995721,  -3204.01150424,
          790.26838249,  -1608.96356487,   -710.1257385 ,   -656.79777371,
         -766.66273099,   -621.87836729,  -1688.24622526,   2199.26785803,
        -1689.64262142,  -1698.31596562,  -1899.11600416,   -641.97607433,
         -358.41512454,  -1734.62885242,   2486.53942373,  -1732.6469107 ,
          732.47579956,     63.785368  ,   1040.56309805,   1559.27522365])
llh_GD_QEXP_Renorm_aq: array([ -1746.66529358,   -341.74329058,   -984.50801373,   -299.39119231,
        -1649.03250169,   -433.15989405,  -1325.84602483,   -594.8856947 ,
        -2619.07763358,    443.47759859,  -1596.92826558,   -940.47381392,
        -1704.28392612,  -1727.42862179,  -1693.78472423,   1436.38371229,
         -657.70347354,    872.80388001,   -945.71264545,  -1732.28312944,
        -1331.57808458,  -1539.62623465,  -1487.74960917,  -1605.22521796,
        -1554.95385484,  -1516.63552866,   -397.83021355,  -1592.96176662,
        -1485.18268292,  -1649.27945727,  -1557.39680029,  -1635.99112401,
        -1608.58189453,    936.72309841,   -422.22311271,  -1528.91791951,
        -1052.19550041,  -1682.43375846,  -1651.56286409,   -450.5152988 ,
          -23.48893575,   5611.36708436,  -3491.47866   ,   -866.60512539,
        -3217.82584258,  -3185.79837129,   -303.1727182 ,   5723.62034121,
         7990.82506458,  -3708.63137849,   4129.74310599,   -840.94476379,
        -1213.72456401,   2834.29634649,   -788.15310537, -10135.1838794 ,
         -488.27339683,   6701.69065636,  -1127.34995721,  -3204.01150424,
          394.68096717,  -1608.96356487,   -710.1257385 ,   -656.79777371,
         -766.66273099,   -621.87836729,  -1688.24622526,   1318.57338395,
        -1689.64262142,  -1698.31596562,  -1899.11600416,   -641.97607433,
         -358.41512454,  -1734.62885242,   1857.64825115,  -1732.6469107 ,
          175.63174765,    495.57483086,    478.97519444,   1126.70138407])
max_QEXP_Renorm: array([ -1746.66529358,   -341.74329058,   -984.50801373,   -299.39119231,
        -1649.03250169,   -433.15989405,  -1325.84602483,   -594.8856947 ,
        -2619.07763358,    507.03471499,  -1596.92826558,   -940.47381392,
        -1704.28392612,  -1727.42862179,  -1693.78472423,   1753.02576259,
         -657.70347354,   1117.8528041 ,   -945.71264545,  -1732.28312944,
        -1331.57808458,  -1539.62623465,  -1487.74960917,  -1605.22521796,
        -1554.95385484,  -1516.63552866,   -397.83021355,  -1592.96176662,
        -1485.18268292,  -1649.27945727,  -1557.39680029,  -1635.99112401,
        -1608.58189453,    966.87222715,   -422.22311271,  -1528.91791951,
        -1052.19550041,  -1682.43375846,  -1651.56286409,   -450.5152988 ,
          -23.48893575,   6489.53210994,  -3491.47866   ,   -866.60512539,
        -3217.82584258,  -3185.79837129,   -303.1727182 ,   5928.71239555,
         9438.62120827,  -3708.63137849,   4274.71604953,   -840.94476379,
        -1213.72456401,   3267.29439406,   -788.15310537, -10135.1838794 ,
         -488.27339683,   7783.10654757,  -1127.34995721,  -3204.01150424,
          790.26838249,  -1608.96356487,   -710.1257385 ,   -656.79777371,
         -766.66273099,   -621.87836729,  -1688.24622526,   2199.26785803,
        -1689.64262142,  -1698.31596562,  -1899.11600416,   -641.97607433,
         -358.41512454,  -1734.62885242,   2486.53942373,  -1732.6469107 ,
          732.47579956,    932.40510273,   1040.56309805,   1559.27522365])
llh_GD_RAY: array([ -901.84838227,  -911.75530745, -1100.58828176,  -907.05752941,
        -882.4646414 ,  -903.55393315,  -901.59180625,  -917.02503894,
       -1074.71905101,  -885.54799537,  -861.16494657,  -952.39132234,
        -901.64161446,  -915.89190855,  -921.5617485 ,  -908.2641717 ,
        -924.50233641,  -891.6833828 , -1050.85863625,  -905.51318002,
        -858.34246039,  -905.31565052,  -866.11887257, -1082.26914609,
        -855.86663664,  -849.98012364,  -880.99264512,  -885.98729362,
        -900.73396275,  -888.49808554,  -917.82949999,  -878.25553274,
        -863.54925702,  -868.10726224,  -841.95564315,  -860.64210392,
        -903.43943752,  -949.51639739,  -895.16277444,  -842.25492257,
        -639.76162331,  -730.32009991,  -355.89773684,  -692.01025168,
        -538.11250576,  -607.56293008,  -675.20301105,  -636.17211632,
        -428.78169235,  -631.86911461,  -687.84805381,  -467.73951841,
        -632.23365876,  -659.61690725,  -466.52529107,  -609.13757764,
        -618.66494727,  -655.02873578,  -652.38668115,  -713.43700201,
        -867.89697593,  -868.36557954,  -885.8166303 ,  -953.33390536,
        -909.87420723,  -878.08333266,  -894.83728326,  -885.67082137,
        -947.1734392 ,  -899.96426676,  -923.2456411 ,  -898.09103044,
        -894.44163706,  -905.54068515,  -892.69227042,  -896.12222258,
       -1030.41915111,  -878.86638517,  -906.33339844,  -890.61001474])
llh_GD_RAY_Renorm_gamma: array([-1195.96237149, -1146.03061901, -1092.17179999, -1244.8354041 ,
       -1176.63219947, -1013.64295601, -1187.6128483 , -1040.55603586,
        -998.18957362, -1227.64915428, -1040.14839451, -1189.09729627,
       -1231.87798288,           -inf, -1017.42082307, -1123.60306933,
       -1149.01361882, -1167.98690139, -1121.07781788, -1237.6652497 ,
       -1134.10647803, -1022.67978182,  -900.06115234, -1094.75822565,
       -1051.25680649,           -inf, -1090.39356697, -1106.62549959,
        -959.40207338, -1295.3993793 ,  -943.4420033 , -1199.5350056 ,
       -1124.47936202,  -987.3484839 , -1240.21366062, -1244.97244276,
       -1052.08583056, -1141.37360816,           -inf,           -inf,
        -752.50833288,  -702.41669489,  -388.88292203,  -667.82876764,
        -510.41462307,  -614.16608581,  -746.25667408,  -707.54452962,
        -472.79401908,  -576.07429224,  -679.12885384,  -442.6156391 ,
        -649.39817842,  -683.25616335,  -483.82722517,  -527.59076918,
        -692.55102738,  -598.10770074,  -651.00661933,  -736.77597513,
       -1169.08606714, -1228.25197425, -1131.4732656 , -1067.4181679 ,
       -1222.34344827, -1175.46963473, -1155.08591261, -1109.43287565,
        -960.14641845, -1053.600859  , -1271.29203566, -1170.6732561 ,
       -1174.22074805, -1038.7480646 ,  -977.06420301, -1166.64301311,
       -1089.12626238, -1165.79959313,  -980.84423838, -1109.99493334])
llh_GD_RAY_Renorm_eta: array([ -967.02180645, -1004.51797201, -1110.60761325, -1066.19761261,
        -996.86347705,  -961.14674536, -1041.54521002,  -955.6438275 ,
       -1016.03988365,  -989.15886389,  -941.25406354, -1101.58813071,
       -1039.39814317, -1781.24680542,  -978.03206832, -1006.91440216,
       -1056.68961973,  -960.32912118, -1090.80292005, -1037.0204183 ,
       -1015.28514689,  -996.93769327,  -892.7555936 , -1090.86196354,
        -924.12442749,           -inf,  -998.09795437,  -988.8638117 ,
        -950.8010711 , -1025.92243142,  -942.26068392,  -971.27769014,
        -932.15252482,  -929.28949099,  -871.05366473, -1049.6962746 ,
       -1007.86979533, -1086.95693826,           -inf,           -inf,
        -665.18047792,  -725.41928317,  -356.68526739,  -699.626403  ,
        -508.61828646,  -612.21574471,  -690.6787305 ,  -655.67896273,
        -456.52758663,  -562.6414689 ,  -686.93903124,  -440.83747115,
        -641.39794905,  -679.83640159,  -465.10666644,  -539.78955325,
        -651.24885231,  -604.61481175,  -653.46106275,  -767.81803993,
        -995.17353926,  -901.20573341,  -962.57651117, -1015.751117  ,
       -1021.73322557, -1042.40664326,  -974.90132525,  -981.22200041,
        -961.22930344,  -986.60426424, -1077.62833491,  -993.75745007,
       -1076.43121952,  -983.06431522,  -962.56805166, -1013.19946677,
       -1071.58273443, -1014.99812562, -1643.71384939,  -946.39343627])
llh_GD_RAY_Renorm_gammaeta: array([-1031.89689581, -1052.92381646, -1101.16867241, -1146.66021243,
       -1068.23276988,  -983.5894521 , -1102.55121369,  -973.99387072,
       -1006.66090433, -1077.89973995,  -976.57899381, -1142.59048923,
       -1115.65956306, -1821.66367526,  -995.77447874, -1053.33348507,
       -1098.63395387, -1011.84921568, -1105.1343452 , -1122.87627211,
       -1068.95390472, -1009.34233723,  -896.3359341 , -1092.80326077,
        -969.04059091,           -inf, -1037.09789971, -1038.66483398,
        -955.06393247, -1143.76957274,  -942.85051344, -1066.37197739,
       -1014.68245273,  -952.7465748 ,  -966.88081413, -1137.67670948,
       -1029.55538047, -1112.46937848,           -inf,           -inf,
        -706.17270369,  -713.54811104,  -370.81919042,  -682.12730881,
        -509.46464432,  -613.18443813,  -714.34906368,  -677.17958646,
        -464.43522432,  -569.15455063,  -682.98648024,  -440.92675241,
        -645.18814459,  -681.10301604,  -471.33691552,  -533.58795304,
        -670.52452474,  -601.01292971,  -652.18742563,  -752.53082528,
       -1062.75836006,  -989.20954859, -1007.47491142, -1039.67786539,
       -1103.03294333, -1103.24716791, -1041.00425012, -1029.35267187,
        -960.68485741, -1013.52090282, -1162.7410204 , -1068.62547756,
       -1122.79184745, -1005.98972543,  -969.07045687, -1071.22339575,
       -1080.03564785, -1069.29746599, -1623.88059755, -1000.08332594])
max_RAY_Renorm: array([ -967.02180645, -1004.51797201, -1092.17179999, -1066.19761261,
        -996.86347705,  -961.14674536, -1041.54521002,  -955.6438275 ,
        -998.18957362,  -989.15886389,  -941.25406354, -1101.58813071,
       -1039.39814317, -1781.24680542,  -978.03206832, -1006.91440216,
       -1056.68961973,  -960.32912118, -1090.80292005, -1037.0204183 ,
       -1015.28514689,  -996.93769327,  -892.7555936 , -1090.86196354,
        -924.12442749,           -inf,  -998.09795437,  -988.8638117 ,
        -950.8010711 , -1025.92243142,  -942.26068392,  -971.27769014,
        -932.15252482,  -929.28949099,  -871.05366473, -1049.6962746 ,
       -1007.86979533, -1086.95693826,           -inf,           -inf,
        -665.18047792,  -702.41669489,  -356.68526739,  -667.82876764,
        -508.61828646,  -612.21574471,  -690.6787305 ,  -655.67896273,
        -456.52758663,  -562.6414689 ,  -679.12885384,  -440.83747115,
        -641.39794905,  -679.83640159,  -465.10666644,  -527.59076918,
        -651.24885231,  -598.10770074,  -651.00661933,  -736.77597513,
        -995.17353926,  -901.20573341,  -962.57651117, -1015.751117  ,
       -1021.73322557, -1042.40664326,  -974.90132525,  -981.22200041,
        -960.14641845,  -986.60426424, -1077.62833491,  -993.75745007,
       -1076.43121952,  -983.06431522,  -962.56805166, -1013.19946677,
       -1071.58273443, -1014.99812562,  -980.84423838,  -946.39343627])
