llh_GD_EXP: array([-1084.0735274 ,  -915.37389554,  -945.01281101,  -915.39162482,
        -894.94553063,  -928.40791299,  -926.54175986,  -923.19885579,
        -879.51342987,  -903.83498364,  -861.36984134,  -934.2797482 ,
        -920.73017266, -1024.758014  ,  -890.62676475,  -910.64533381,
        -919.01316154,  -927.07082252,  -928.15413747,  -904.00903856,
        -859.92748682,  -853.69967937,  -826.56656996,  -880.07424418,
        -851.6018672 ,  -843.38847617,  -873.33928007,  -862.36758905,
       -1095.89809727,  -888.98277573,  -853.69525928,  -887.86160766,
        -889.00691929,  -865.54296156,  -856.8128871 ,  -892.31768741,
        -867.7167131 ,  -888.60719037,  -956.30165759,  -859.92378461,
        -636.12074003,  -656.76292798,  -368.93771676,  -655.91649184,
        -501.45734526,  -599.45059054,  -675.36091239,  -628.71866935,
        -444.17507304,  -572.54394803,  -676.82198244,  -465.15592291,
        -670.79307535,  -722.96686584,  -576.63250372,  -501.86241296,
        -608.89554426,  -630.72450172,  -656.20171196,  -712.99281489,
        -936.93126361,  -940.75674124,  -875.47946961,  -852.29098976,
        -912.84430899,  -887.53614379,  -906.41664184,  -903.89526635,
        -896.63430602,  -942.2001284 ,  -913.04824762,  -880.82235906,
        -927.94868923,  -903.24465533,  -886.95469291,  -894.99487361,
       -1008.50303434,  -937.37930639,  -856.53899934,  -890.58898562])
llh_GD_EXP_Renorm_alpha: array([ -936.91560227,  -961.05967764,  -965.12750682,  -927.13462973,
                 -inf, -1137.485764  , -1211.05040184, -1051.73548315,
       -1414.65855068, -1244.79447928, -1525.58454698, -1015.33304974,
       -1399.2227128 , -1042.90698461, -1250.33625536, -1174.59084345,
       -1025.60735768,            nan,  -990.4455834 , -1523.79631187,
       -1386.44999742,           -inf,           -inf,           -inf,
                 -inf,  -874.03418685,  -987.96761277, -1051.41206766,
        -850.25829152,           -inf,  -973.76899154, -1035.60760572,
       -1488.28054812, -1319.67153342,  -972.2071208 , -1512.88390502,
       -1322.39627124, -1333.68589305, -1153.55831548, -1297.60868876,
        -822.48716999,  -743.36738011,  -393.19241386,  -709.18697749,
        -544.48109804,  -622.67006409,  -702.16641112,  -656.78630221,
        -467.64112751,  -584.65728276,  -683.71175484,  -545.13093026,
        -740.5920965 ,  -894.96072554,  -578.44872401,  -504.53587394,
        -642.55141043,  -766.91246193,  -671.94923165,  -736.79159968,
       -1227.80236174, -1046.81916997,  -904.90789474, -1299.30386383,
        -957.69937397,  -996.3178912 , -1109.4225402 ,  -931.23193159,
       -1329.1181163 ,  -913.69352497,  -968.62006473, -1036.31401206,
       -1442.61482555,  -922.55853659, -1125.2574093 , -1069.67826583,
       -1202.63340236, -1458.69197503, -1212.91458156,  -909.37744333])
llh_GD_EXP_Renorm_beta: array([-1334.81233521, -1133.65226057, -1031.07065484, -1231.43310055,
                 -inf, -1216.00383431, -4425.11439397, -1241.84922481,
       -2712.35912363, -1438.46741377, -2422.37375938, -1089.9694147 ,
       -1634.32648161, -1043.5182294 , -1652.96330308, -1293.75745705,
       -1190.43933271, -4290.51428868, -1035.28937923, -2493.07497181,
       -1610.61082948, -3786.53177139, -3621.85868322,           -inf,
                 -inf,  -942.65571441, -1232.91221168, -1934.55285073,
       -1059.10945732,           -inf, -1344.71423929, -1247.75444418,
       -1636.40530161, -2099.85805173, -1128.62491367, -1605.39034754,
       -2065.1334242 , -2431.1500921 , -1190.05085247, -1524.71013009,
       -1201.31024165,  -978.26152416,  -394.73097862,  -884.55649008,
        -591.36404017,  -626.3156812 ,  -835.93915333,  -697.17553962,
        -467.76893036,  -586.80280484,  -684.15637503,  -792.05341925,
        -997.99114476, -1044.36006702,  -902.63513558,  -706.18554892,
        -816.67533424,  -828.73515731,  -811.78309562,  -737.85595272,
       -1254.4904835 , -1059.00928096, -1223.12737003, -1522.56795513,
       -1051.69683011, -1168.9407955 , -1215.14813967, -1024.18328716,
       -1580.61681403, -1239.40257215, -1617.30477011, -1303.46515578,
       -1477.22450775, -1325.06170537, -1436.93877542, -1559.31916637,
       -1213.29655478, -1508.88992741, -1796.36472087, -1191.96926491])
llh_GD_EXP_Renorm_alphabeta: array([-1059.20571953, -1010.63371489,  -983.13910945, -1019.85686441,
                 -inf, -1158.92563158, -4425.10668507, -1106.05423478,
       -1909.83048565, -1299.12240683, -1837.29079001, -1035.80824023,
       -1465.19280597, -1043.11177742, -1372.81555721, -1207.20931201,
       -1072.60958177,            nan, -1002.46587561, -1861.57161781,
       -1448.09754427, -3786.54561051, -3621.88370784,           -inf,
                 -inf,  -893.23888146, -1060.79960928, -1356.80255295,
        -912.95894302,           -inf, -1088.55922172, -1097.80276102,
       -1524.88931967, -1585.88000682, -1017.13227302, -1534.41799622,
       -1574.94065837, -1727.45567483, -1163.13964854, -1361.98252812,
        -928.16910171,  -807.89895958,  -393.64044168,  -756.90010384,
        -556.79852385,  -623.60552201,  -738.18791947,  -667.42490942,
        -467.70483108,  -585.16271796,  -683.84341601,  -612.73662446,
        -811.73199732,  -934.87298441,  -670.91328079,  -559.6307645 ,
        -689.85772739,  -782.97660268,  -710.08155286,  -737.08517906,
       -1234.23206519, -1050.00398459, -1002.01201074, -1360.87914502,
        -984.15968112, -1045.77960442, -1138.56967308,  -957.63389593,
       -1400.10726386, -1012.90081459, -1178.68564472, -1115.60769949,
       -1448.80503798, -1051.85151322, -1218.51129093, -1222.84521538,
       -1205.18785608, -1468.2433814 , -1401.78732722,  -995.88561474])
max_EXP_Renorm: array([ -936.91560227,  -961.05967764,  -965.12750682,  -927.13462973,
                 -inf, -1137.485764  , -1211.05040184, -1051.73548315,
       -1414.65855068, -1244.79447928, -1525.58454698, -1015.33304974,
       -1399.2227128 , -1042.90698461, -1250.33625536, -1174.59084345,
       -1025.60735768,            nan,  -990.4455834 , -1523.79631187,
       -1386.44999742, -3786.53177139, -3621.85868322,           -inf,
                 -inf,  -874.03418685,  -987.96761277, -1051.41206766,
        -850.25829152,           -inf,  -973.76899154, -1035.60760572,
       -1488.28054812, -1319.67153342,  -972.2071208 , -1512.88390502,
       -1322.39627124, -1333.68589305, -1153.55831548, -1297.60868876,
        -822.48716999,  -743.36738011,  -393.19241386,  -709.18697749,
        -544.48109804,  -622.67006409,  -702.16641112,  -656.78630221,
        -467.64112751,  -584.65728276,  -683.71175484,  -545.13093026,
        -740.5920965 ,  -894.96072554,  -578.44872401,  -504.53587394,
        -642.55141043,  -766.91246193,  -671.94923165,  -736.79159968,
       -1227.80236174, -1046.81916997,  -904.90789474, -1299.30386383,
        -957.69937397,  -996.3178912 , -1109.4225402 ,  -931.23193159,
       -1329.1181163 ,  -913.69352497,  -968.62006473, -1036.31401206,
       -1442.61482555,  -922.55853659, -1125.2574093 , -1069.67826583,
       -1202.63340236, -1458.69197503, -1212.91458156,  -909.37744333])
llh_GD_PWL: array([ -935.58568478,  -951.79423657,  -901.9480785 ,  -908.17877964,
       -1338.4458246 , -1009.42851742, -3573.40482825,  -915.32995705,
        -874.90788715,  -890.66342037,  -862.45935362,  -925.96181742,
        -967.42559537,  -910.6947996 ,  -890.31545125,  -916.96618648,
       -6740.11062917,  -895.11395616,  -928.11897599, -4898.77656088,
        -846.41188919,  -844.99714456,  -837.79146444, -1557.72009801,
        -897.42483   ,  -838.88621772,  -883.987012  , -1038.35263684,
       -1044.95186753,  -893.18633072,  -862.19142292,  -876.65614167,
        -866.96100048,  -878.68320142,  -947.30235015,  -852.64981285,
        -860.92697618, -2193.61846434,  -991.57576374, -3120.0425057 ,
       -5246.96479203,  -934.84446855,  -456.71121079,  -726.38602863,
        -689.26507694,  -841.77842267,  -741.64637842,  -680.03438201,
       -2503.32133311,  -695.31692829,  -725.61642767,  -662.52061204,
        -880.5336955 ,  -758.11214391,  -647.92498245,  -602.83747322,
        -807.16206083,  -739.28929112,  -870.77177077,  -836.70743928,
        -870.34103719,  -871.16134281,  -929.62243991,  -850.24120384,
        -914.95904181, -1153.96136376,  -887.1288176 ,  -897.67941986,
        -894.19050687,  -921.05568873,  -938.30312922,  -881.34544294,
        -901.31039668,  -959.61705246,  -888.27059806,  -897.09751348,
       -1078.78374674,  -897.28884663,  -858.48702377, -1027.26329008])
llh_GD_PWL_Renorm_K: array([  -1164.38543041,   -1078.85407317,   -1194.85301081,
         -1158.30092706,   -3476.38596722,   -1872.55622695,
       -132656.29927417,   -1135.3370443 ,   -1166.298096  ,
         -1365.18919906,   -1376.72465004,   -1223.54731978,
         -1271.079923  ,   -1407.93703467,   -1124.73242257,
         -1316.49735482,  -53040.32846721,   -1029.30253339,
         -1028.59335755, -148385.33268095,   -1055.42435282,
          -975.58498148,   -1096.85697114,   -1911.09721364,
         -3564.13640669,   -1064.13013924,   -1879.19460245,
         -1407.3604224 ,   -2055.09267464,   -1061.76585723,
         -1031.80027979,   -1125.15008023,             -inf,
         -1063.63819387,   -1455.37626766,   -1377.79216707,
         -1233.62125792,   -6256.49196583,   -1648.28774396,
         -3323.86733726,   -4306.58729363,   -9295.85473325,
         -1329.90421262,    -933.57349832,   -1616.56398539,
          -921.14087258,   -1368.33092111,   -3226.34233333,
         -8353.94334762,   -1113.28320098,    -752.40871981,
          -724.90242575,   -1536.32526148,   -1415.91687287,
          -802.69298466,    -704.79162845,   -1072.12242005,
         -1211.62941228,   -1839.66812157,   -1572.643499  ,
         -1168.75751163,   -1130.68114088,   -1411.87233826,
         -1331.36862734,   -1723.29723495,   -4599.43246091,
         -1311.10914959,   -1267.02936078,   -1309.20882608,
         -1232.78779141,   -1482.02455168,   -1751.22415244,
         -1197.76798225,   -1254.88604911,   -1165.2552713 ,
         -1083.53996383,   -1505.55913745,   -1103.26134557,
         -1410.83373736,   -1610.3678858 ])
llh_GD_PWL_Renorm_c: array([-1309.52885819, -1127.13555443, -1594.99305265, -2023.60785375,
       -1487.38970308, -1326.25318549, -3644.94721802, -1604.16961488,
       -2005.19739733, -1437.87506833, -1731.55013885, -1497.43829136,
       -1422.31797124, -1625.08380558, -1420.96096111, -1108.59281719,
       -8157.96688785, -1170.96876844, -1071.45894586, -5133.9384233 ,
       -1217.40210606, -1149.14552946, -1487.2219134 , -1545.61169912,
       -1443.09026719, -1498.42309761, -2000.62174367, -1418.50676925,
       -1351.75036874, -1276.65274297, -1247.27663196, -2007.92144754,
                 -inf, -1273.5318216 , -1233.28095568, -1185.46081097,
       -1666.96502178, -2545.62823246, -1378.16985948, -2961.56699234,
       -4028.85264186, -1616.35630883, -1449.48394639, -1389.30137432,
       -1674.13505641, -1261.71200123, -1419.57773308, -1058.01218697,
       -2938.71720927, -1578.97604583, -1510.26828148, -1308.29236527,
        -876.74950314, -1780.09952285, -1754.8617924 ,  -777.95563259,
       -1323.16787311, -1777.86045536,  -834.58493549, -1139.49110094,
       -1646.89801492, -1567.58563841, -1463.87634767, -1467.462598  ,
       -1182.89362736, -1392.21427048, -1341.4044286 , -1426.5470184 ,
       -1412.20558606, -1467.4696205 , -1335.05178754, -2265.9248676 ,
       -1400.4088922 , -1063.68146836, -1414.70304212, -1526.63297776,
       -1496.23348853, -1405.10232305, -1306.1132835 , -1208.15481143])
lllh_GD_PWL_Renorm_p: array([ -962.23194528,  -973.7954383 , -1071.28551212, -1411.33031773,
       -1207.73474336,  -939.59251532, -2909.69514097, -1073.83344203,
       -1371.04662063, -1022.2053363 , -1135.36375276, -1013.43472688,
        -963.55848942, -1149.6817949 , -1000.94522405,  -957.67838907,
       -5973.28197986,  -923.46518924,  -952.84591668, -4218.5223562 ,
        -892.94008997,  -874.08914367,  -972.51950846, -1377.45454488,
       -1037.24599543,  -991.3561189 , -1565.49561844,  -938.26617349,
        -919.86022594,  -944.77311995,  -919.01943266, -1361.54223125,
                 -inf,  -922.80446729,  -894.85986824,  -896.92156996,
       -1068.85090704, -1779.62328587,  -945.47354739, -2592.28111199,
       -3945.54997095,  -837.20544944,  -750.73954451,  -821.90222549,
       -1347.95746218,  -708.88140853, -1333.17933356,  -766.60430116,
       -1154.91373247,  -988.70321104,  -896.11135941,  -693.00273017,
       -1035.00135908, -1155.16390049,  -987.63594436,  -525.40245626,
        -731.75699409, -1026.27901604, -1180.16017262,  -772.52934034,
       -1077.45489056, -1028.25177864,  -979.36708481, -1149.91246281,
        -933.34166397,  -985.810412  , -1010.38788554, -1089.24451503,
       -1192.87570112, -1000.97166302,  -958.23423129, -1842.85715145,
        -942.99532466, -1027.2480375 , -1017.1693448 , -1029.46412916,
        -965.93620156,  -966.49603849,  -956.18364721,  -945.41527569])
llh_GD_PWL_Renorm_Kc: array([ -962.23194528,  -973.7954383 , -1071.28551212, -1411.33031773,
       -1207.73474336,  -939.59251532, -2909.69514097, -1073.83344203,
       -1371.04662063, -1022.2053363 , -1135.36375276, -1013.43472688,
        -963.55848942, -1149.6817949 , -1000.94522405,  -957.67838907,
       -5973.28197986,  -923.46518924,  -952.84591668, -4218.5223562 ,
        -892.94008997,  -874.08914367,  -972.51950846, -1377.45454488,
       -1037.24599543,  -991.3561189 , -1565.49561844,  -938.26617349,
        -919.86022594,  -944.77311995,  -919.01943266, -1361.54223125,
                 -inf,  -922.80446729,  -894.85986824,  -896.92156996,
       -1068.85090704, -1779.62328587,  -945.47354739, -2592.28111199,
       -3945.54997095,  -837.20544944,  -750.73954451,  -821.90222549,
       -1347.95746218,  -708.88140853, -1333.17933356,  -766.60430116,
       -1154.91373247,  -988.70321104,  -896.11135941,  -693.00273017,
       -1035.00135908, -1155.16390049,  -987.63594436,  -525.40245626,
        -731.75699409, -1026.27901604, -1180.16017262,  -772.52934034,
       -1077.45489056, -1028.25177864,  -979.36708481, -1149.91246281,
        -933.34166397,  -985.810412  , -1010.38788554, -1089.24451503,
       -1192.87570112, -1000.97166302,  -958.23423129, -1842.85715145,
        -942.99532466, -1027.2480375 , -1017.1693448 , -1029.46412916,
        -965.93620156,  -966.49603849,  -956.18364721,  -945.41527569,
       -1869.82147249])
llh_GD_PWL_Renorm_Kp: array([  -998.1884685 ,  -1010.9677328 ,  -1071.66537307,  -1021.12469425,
        -2050.82135114,  -1179.52629202, -19561.11934105,  -1000.27501836,
        -1005.18758239,   -960.88410357,  -1169.35798724,   -977.00603996,
         -985.39574679,   -935.34706625,  -1015.45863904,  -1126.23121713,
       -17819.14154583,   -950.82190985,   -982.05880761, -25201.49205482,
         -911.88447   ,   -892.9381461 ,   -916.19377944,  -1596.72892568,
        -1124.04354468,   -902.09820349,   -969.05307509,   -987.9203917 ,
        -1212.33390645,   -968.43896411,   -939.90149647,  -1001.67040959,
                  -inf,   -944.25974775,  -1059.18404311,  -1007.00686592,
        -1044.75228205,  -3177.25466445,  -1094.95082026,  -2829.668184  ,
        -4098.45668972,  -1690.44426029,   -427.1158437 ,   -702.29637657,
         -588.84960709,   -647.39462005,  -1350.0831245 ,  -1275.32972125,
        -3048.88350572,   -572.21177935,   -655.30700186,   -502.3385278 ,
        -1321.01580374,  -1208.3542849 ,   -602.62293144,   -571.87350181,
         -682.15789975,   -982.74960796,  -1572.98496573,  -1077.99907532,
        -1012.4997329 ,   -986.83101872,   -952.69776603,  -1217.48532042,
        -1202.79046033,  -1914.06113309,   -973.99133077,  -1148.43347947,
        -1242.44584217,   -943.46838661,  -1076.99841057,  -1042.17077537,
         -926.91186106,  -1146.49820025,  -1050.34674939,   -952.62983761,
        -1011.51807634,   -934.50945586,   -950.78103625,  -1197.40730559])
max_PWL_Renorm: array([ -962.23194528,  -973.7954383 , -1071.28551212, -1021.12469425,
       -1207.73474336,  -939.59251532, -2909.69514097, -1000.27501836,
       -1005.18758239,  -960.88410357, -1135.36375276,  -977.00603996,
        -963.55848942,  -935.34706625, -1000.94522405,  -957.67838907,
       -5973.28197986,  -923.46518924,  -952.84591668, -4218.5223562 ,
        -892.94008997,  -874.08914367,  -916.19377944, -1377.45454488,
       -1037.24599543,  -902.09820349,  -969.05307509,  -938.26617349,
        -919.86022594,  -944.77311995,  -919.01943266, -1001.67040959,
                 -inf,  -922.80446729,  -894.85986824,  -896.92156996,
       -1044.75228205, -1779.62328587,  -945.47354739, -2592.28111199,
       -3945.54997095,  -837.20544944,  -427.1158437 ,  -702.29637657,
        -588.84960709,  -647.39462005, -1333.17933356,  -766.60430116,
       -1154.91373247,  -572.21177935,  -655.30700186,  -502.3385278 ,
        -876.74950314, -1155.16390049,  -602.62293144,  -525.40245626,
        -682.15789975,  -982.74960796,  -834.58493549,  -772.52934034,
       -1012.4997329 ,  -986.83101872,  -952.69776603, -1149.91246281,
        -933.34166397,  -985.810412  ,  -973.99133077, -1089.24451503,
       -1192.87570112,  -943.46838661,  -958.23423129, -1042.17077537,
        -926.91186106, -1027.2480375 , -1017.1693448 ,  -952.62983761,
        -965.93620156,  -934.50945586,  -950.78103625,  -945.41527569])
llh_GD_QEXP: array([  7.42057048e+00,  -3.41743291e+02,  -9.84508014e+02,
        -2.99391192e+02,  -2.36106573e+02,  -4.33159894e+02,
        -1.32584602e+03,  -5.94885695e+02,  -2.61907763e+03,
         6.05057309e+01,  -1.49756171e+02,  -9.40473814e+02,
        -2.92947394e+02,  -3.51574340e+02,  -1.73364185e+02,
         1.41813001e+03,  -6.57703474e+02,   8.80045568e+02,
        -9.45712645e+02,   1.11838712e+01,  -1.33157808e+03,
        -1.82191704e+02,  -1.07147870e+02,  -3.11124568e+02,
        -1.96768278e+02,  -4.24423055e+01,  -3.97830214e+02,
        -3.43152676e+00,  -1.96468615e+02,  -3.10709316e+02,
        -1.49715504e+01,  -5.84706945e-01,  -1.30655677e+02,
         9.27507927e+02,  -4.22223113e+02,  -1.90350494e+02,
        -1.05219550e+03,   3.49570351e+01,  -1.74001043e+02,
        -4.50515299e+02,  -2.34889358e+01,   5.68060106e+03,
         6.87003218e+02,  -8.66605125e+02,   1.44063731e+02,
         3.34497240e+02,  -3.03172718e+02,   5.77449220e+03,
         8.13519352e+03,  -3.70863138e+03,   4.02110634e+03,
        -8.40944764e+02,  -1.21372456e+03,   1.83476407e+03,
        -7.88153105e+02,  -1.01351839e+04,  -4.88273397e+02,
         6.92346226e+03,  -1.12734996e+03,   2.09293680e+02,
         2.91915803e+02,  -3.31383737e+02,  -7.10125738e+02,
        -6.56797774e+02,  -7.66662731e+02,  -6.21878367e+02,
        -3.20059663e+02,   1.25014118e+03,  -2.73345016e+02,
        -2.44773205e+02,  -1.89911600e+03,  -6.41976074e+02,
        -3.58415125e+02,  -1.99999284e+02,   1.96583717e+03,
         3.02282228e+01,   2.86723625e+01,   2.82458665e+02,
         2.39848100e+02,   1.03204058e+03])
llh_GD_QEXP_Renorm_a: array([ -4457.69185699,   -341.74329058,   -984.50801373,  -2577.08174488,
        -4134.51608978,   -433.15989405,  -1325.84602483,   -594.8856947 ,
        -2619.07763358,  -2043.82631169,  -3965.1295065 ,   -940.47381392,
        -4316.07158039,  -4397.85744965,  -4283.01808097,  -1369.95107708,
         -657.70347354,  -1370.59478817,   -945.71264545,  -4411.73367631,
        -1331.57808458,  -3786.0342689 ,  -3621.38615575,  -3991.4698969 ,
        -3832.93790563,  -3713.42410833,   -397.83021355,  -3956.65214804,
        -3614.30836999,  -4134.76304536,  -3839.89171059,  -4094.40955506,
        -4008.35915199,  -1300.88610798,   -422.22311271,  -3752.77165622,
        -1052.19550041,  -4249.11281767,  -4141.55731169,   -450.5152988 ,
          -23.48893575,  -2092.97295857, -13063.52253283,   -866.60512539,
       -11116.3408385 , -10917.41156546,   -303.1727182 ,  -2182.24706933,
        -2196.29631807,  -3708.63137849,  -3468.46726227,   -840.94476379,
        -1213.72456401,  -4826.80305152,   -788.15310537, -10135.1838794 ,
         -488.27339683,  -2193.51924486,  -1127.34995721, -11034.86360755,
        -2284.77194813,  -4004.22996283,   -710.1257385 ,   -656.79777371,
         -766.66273099,   -621.87836729,  -4263.94700348,  -1998.7305453 ,
        -4269.85425915,  -4296.57104137,  -1899.11600416,   -641.97607433,
         -358.41512454,  -4418.59025879,  -1349.53385761,  -4416.60831707,
        -2841.5441817 ,  -1434.94303078,  -2286.38304199,  -1786.72721454])
lllh_GD_QEXP_Renorm_q: array([ -4457.69185699,   -341.74329058,   -984.50801373,   1530.14465249,
        -4134.51608978,   -433.15989405,  -1325.84602483,   -594.8856947 ,
        -2619.07763358,   1969.93296213,  -3965.1295065 ,   -940.47381392,
        -4316.07158039,  -4397.85744965,  -4283.01808097,   2360.96593415,
         -657.70347354,   1748.40338766,   -945.71264545,  -4411.73367631,
        -1331.57808458,  -3786.0342689 ,  -3621.38615575,  -3991.4698969 ,
        -3832.93790563,  -3713.42410833,   -397.83021355,  -3956.65214804,
        -3614.30836999,  -4134.76304536,  -3839.89171059,  -4094.40955506,
        -4008.35915199,   1751.20544059,   -422.22311271,  -3752.77165622,
        -1052.19550041,  -4249.11281767,  -4141.55731169,   -450.5152988 ,
          -23.48893575,   8092.42014917, -13063.52253283,   -866.60512539,
       -11116.3408385 , -10917.41156546,   -303.1727182 ,   8477.04902399,
        11211.66986679,  -3708.63137849,   8017.52734056,   -840.94476379,
        -1213.72456401,   7964.92411878,   -788.15310537, -10135.1838794 ,
         -488.27339683,   9584.04183298,  -1127.34995721, -11034.86360755,
         2217.95850083,  -4004.22996283,   -710.1257385 ,   -656.79777371,
         -766.66273099,   -621.87836729,  -4263.94700348,   2843.93402544,
        -4269.85425915,  -4296.57104137,  -1899.11600416,   -641.97607433,
         -358.41512454,  -4418.59025879,   2830.7187284 ,  -4416.60831707,
         2682.56669177,   1414.03876859,   2345.24911021,   2435.09410619])
llh_GD_QEXP_Renorm_aq: array([ -4457.69185699,   -341.74329058,   -984.50801373,   -454.09054612,
        -4134.51608978,   -433.15989405,  -1325.84602483,   -594.8856947 ,
        -2619.07763358,    344.63188286,  -3965.1295065 ,   -940.47381392,
        -4316.07158039,  -4397.85744965,  -4283.01808097,    810.81844505,
         -657.70347354,    444.20394844,   -945.71264545,  -4411.73367631,
        -1331.57808458,  -3786.0342689 ,  -3621.38615575,  -3991.4698969 ,
        -3832.93790563,  -3713.42410833,   -397.83021355,  -3956.65214804,
        -3614.30836999,  -4134.76304536,  -3839.89171059,  -4094.40955506,
        -4008.35915199,    480.42357437,   -422.22311271,  -3752.77165622,
        -1052.19550041,  -4249.11281767,  -4141.55731169,   -450.5152988 ,
          -23.48893575,   3840.15563283, -13063.52253283,   -866.60512539,
       -11116.3408385 , -10917.41156546,   -303.1727182 ,   4032.29322851,
         5615.44912374,  -3708.63137849,   3389.21150864,   -840.94476379,
        -1213.72456401,   2636.27925342,   -788.15310537, -10135.1838794 ,
         -488.27339683,   4676.58842913,  -1127.34995721, -11034.86360755,
          356.17618798,  -4004.22996283,   -710.1257385 ,   -656.79777371,
         -766.66273099,   -621.87836729,  -4263.94700348,    965.11911404,
        -4269.85425915,  -4296.57104137,  -1899.11600416,   -641.97607433,
         -358.41512454,  -4418.59025879,   1082.16855795,  -4416.60831707,
         -588.21655523,    225.28150503,    436.35942526,    757.69310739])
max_QEXP_Renorm: array([ -4457.69185699,   -341.74329058,   -984.50801373,   1530.14465249,
        -4134.51608978,   -433.15989405,  -1325.84602483,   -594.8856947 ,
        -2619.07763358,   1969.93296213,  -3965.1295065 ,   -940.47381392,
        -4316.07158039,  -4397.85744965,  -4283.01808097,   2360.96593415,
         -657.70347354,   1748.40338766,   -945.71264545,  -4411.73367631,
        -1331.57808458,  -3786.0342689 ,  -3621.38615575,  -3991.4698969 ,
        -3832.93790563,  -3713.42410833,   -397.83021355,  -3956.65214804,
        -3614.30836999,  -4134.76304536,  -3839.89171059,  -4094.40955506,
        -4008.35915199,   1751.20544059,   -422.22311271,  -3752.77165622,
        -1052.19550041,  -4249.11281767,  -4141.55731169,   -450.5152988 ,
          -23.48893575,   8092.42014917, -13063.52253283,   -866.60512539,
       -11116.3408385 , -10917.41156546,   -303.1727182 ,   8477.04902399,
        11211.66986679,  -3708.63137849,   8017.52734056,   -840.94476379,
        -1213.72456401,   7964.92411878,   -788.15310537, -10135.1838794 ,
         -488.27339683,   9584.04183298,  -1127.34995721, -11034.86360755,
         2217.95850083,  -4004.22996283,   -710.1257385 ,   -656.79777371,
         -766.66273099,   -621.87836729,  -4263.94700348,   2843.93402544,
        -4269.85425915,  -4296.57104137,  -1899.11600416,   -641.97607433,
         -358.41512454,  -4418.59025879,   2830.7187284 ,  -4416.60831707,
         2682.56669177,   1414.03876859,   2345.24911021,   2435.09410619])
llh_GD_RAY: array([ -901.84838227,  -911.75530745, -1100.58828176,  -907.05752941,
        -882.4646414 ,  -903.55393315,  -901.59180625,  -917.02503894,
       -1074.71905101,  -885.54799537,  -861.16494657,  -952.39132234,
        -901.64161446,  -915.89190855,  -921.5617485 ,  -908.2641717 ,
        -924.50233641,  -891.6833828 , -1050.85863625,  -905.51318002,
        -858.34246039,  -905.31565052,  -866.11887257, -1082.26914609,
        -855.86663664,  -849.98012364,  -880.99264512,  -885.98729362,
        -900.73396275,  -888.49808554,  -917.82949999,  -878.25553274,
        -863.54925702,  -868.10726224,  -841.95564315,  -860.64210392,
        -903.43943752,  -949.51639739,  -895.16277444,  -842.25492257,
        -639.76162331,  -730.32009991,  -355.89773684,  -692.01025168,
        -538.11250576,  -607.56293008,  -675.20301105,  -636.17211632,
        -428.78169235,  -631.86911461,  -687.84805381,  -467.73951841,
        -632.23365876,  -659.61690725,  -466.52529107,  -609.13757764,
        -618.66494727,  -655.02873578,  -652.38668115,  -713.43700201,
        -867.89697593,  -868.36557954,  -885.8166303 ,  -953.33390536,
        -909.87420723,  -878.08333266,  -894.83728326,  -885.67082137,
        -947.1734392 ,  -899.96426676,  -923.2456411 ,  -898.09103044,
        -894.44163706,  -905.54068515,  -892.69227042,  -896.12222258,
       -1030.41915111,  -878.86638517,  -906.33339844,  -890.61001474])
llh_GD_RAY_Renorm_gamma: array([-1760.7768623 , -1512.45404453, -1391.84602134, -1879.86848486,
       -1664.26396459, -1098.27244845, -1738.03450883, -1146.90026983,
       -1137.20179078, -1824.89866554, -1307.85527763, -1633.42507712,
       -1789.55717698,           -inf, -1162.3569942 , -1499.86506405,
       -1531.4825025 , -1621.0392697 , -1469.03407575, -1803.70568689,
       -1615.91968013, -1270.36089096,  -949.87120469, -1368.36856868,
       -1290.76013045,           -inf, -1428.20189734, -1435.84071031,
       -1070.36792676, -1986.60934895, -1002.57018463, -1728.79552979,
       -1582.14156792, -1098.09352646, -1901.45136759, -1948.92235777,
       -1275.97753145, -1526.74809424,           -inf,           -inf,
        -934.24932598,  -824.28109051,  -466.55230281,  -700.34289274,
        -545.47760619,  -734.37483654,  -895.03146353,  -816.02827181,
        -606.02803891,  -688.17653107,  -803.27636887,  -504.73035947,
        -759.03839562,  -738.30683343,  -539.12901465,  -632.52763333,
        -822.79507684,  -638.03179884,  -732.62979245,  -763.04975887,
       -1724.18142257, -1844.02284125, -1552.35574292, -1449.57564384,
       -1801.44444773, -1797.7131961 , -1602.81672804, -1402.02689419,
        -995.52178454, -1294.49632929, -1872.93310855, -1666.69913104,
       -1715.0315296 , -1226.69553729, -1043.73839348, -1658.17053246,
       -1384.87465198, -1707.50873917, -1101.10980166, -1427.64570295])
llh_GD_RAY_Renorm_eta: array([-1008.02218238, -1077.5518101 , -1418.70479163, -1277.45256817,
       -1106.56558544,  -978.72230708, -1230.03164046,  -970.03737883,
       -1167.61055287, -1105.09073274,  -973.88580751, -1261.42057604,
       -1169.36066014, -4398.4490382 , -1025.70082656, -1126.8032495 ,
       -1197.35503352,  -988.95215304, -1334.11604884, -1125.5867752 ,
       -1184.53009156, -1167.44846922,  -925.80631518, -1325.21554106,
        -958.16177545,           -inf, -1114.60005304, -1055.89700454,
       -1031.17737337, -1162.28410737,  -989.22560771, -1024.21742455,
        -964.54461663,  -949.56290598,  -883.52615671, -1228.74681111,
       -1108.08162183, -1325.39363126,           -inf,           -inf,
        -756.11535032,  -846.69903654,  -408.33502226,  -733.19190592,
        -545.56738801,  -716.42191321,  -764.10807416,  -717.34591385,
        -560.97995469,  -644.62998693,  -796.30585528,  -489.42917679,
        -728.1424482 ,  -725.33984229,  -505.47918546,  -633.29435409,
        -732.46556227,  -642.64643021,  -730.32639043,  -801.48041137,
       -1093.48101797,  -913.44168085, -1010.59840776, -1225.90281319,
       -1103.42479263, -1250.84595782, -1018.26970651, -1031.73053219,
        -992.17882479, -1084.05064702, -1227.38314398, -1083.96925103,
       -1382.98783989, -1058.98471799,  -985.54103494, -1119.01444751,
       -1299.63897426, -1183.38266666, -3964.71209154,  -963.86766699])
llh_GD_RAY_Renorm_gammaeta: array([-1219.12642655, -1234.10895038, -1405.14252655, -1521.98665644,
       -1316.87174777, -1019.79834462, -1440.38582653,  -994.59055291,
       -1151.99952243, -1358.28596566, -1083.55817782, -1426.454949  ,
       -1414.36662265,           -inf, -1081.8439267 , -1274.25413237,
       -1333.81388463, -1119.86308856, -1397.86114082, -1387.82864467,
       -1374.24284346, -1216.38152377,  -937.15144566, -1346.37544575,
       -1070.11178246,           -inf, -1246.59628068, -1199.20226266,
       -1049.87832538, -1471.45041035,  -995.73771999, -1273.80578878,
       -1150.76385769,  -999.4319098 , -1056.16018166, -1551.32132231,
       -1186.557999  , -1418.81484437,           -inf,           -inf,
        -832.57177867,  -835.28296449,  -433.38274111,  -714.7752407 ,
        -545.5206626 ,  -725.13793082,  -819.23711383,  -757.28218265,
        -582.31643304,  -665.06956976,  -799.77167911,  -494.82901667,
        -742.49793694,  -730.52706485,  -516.6708499 ,  -632.91064153,
        -772.77148053,  -639.36689785,  -731.46156254,  -782.48717359,
       -1329.80633743, -1089.94665938, -1177.50445041, -1329.23503229,
       -1362.21660125, -1494.09744806, -1198.8369716 , -1161.12246599,
        -993.82982782, -1172.32360406, -1505.07304763, -1311.44419505,
       -1538.95080748, -1128.77866034, -1004.8482424 , -1339.7246785 ,
       -1340.99448756, -1392.54772773, -3270.79189832, -1080.76295726])
max_RAY_Renorm: array([-1008.02218238, -1077.5518101 , -1391.84602134, -1277.45256817,
       -1106.56558544,  -978.72230708, -1230.03164046,  -970.03737883,
       -1137.20179078, -1105.09073274,  -973.88580751, -1261.42057604,
       -1169.36066014, -4398.4490382 , -1025.70082656, -1126.8032495 ,
       -1197.35503352,  -988.95215304, -1334.11604884, -1125.5867752 ,
       -1184.53009156, -1167.44846922,  -925.80631518, -1325.21554106,
        -958.16177545,           -inf, -1114.60005304, -1055.89700454,
       -1031.17737337, -1162.28410737,  -989.22560771, -1024.21742455,
        -964.54461663,  -949.56290598,  -883.52615671, -1228.74681111,
       -1108.08162183, -1325.39363126,           -inf,           -inf,
        -756.11535032,  -824.28109051,  -408.33502226,  -700.34289274,
        -545.47760619,  -716.42191321,  -764.10807416,  -717.34591385,
        -560.97995469,  -644.62998693,  -796.30585528,  -489.42917679,
        -728.1424482 ,  -725.33984229,  -505.47918546,  -632.52763333,
        -732.46556227,  -638.03179884,  -730.32639043,  -763.04975887,
       -1093.48101797,  -913.44168085, -1010.59840776, -1225.90281319,
       -1103.42479263, -1250.84595782, -1018.26970651, -1031.73053219,
        -992.17882479, -1084.05064702, -1227.38314398, -1083.96925103,
       -1382.98783989, -1058.98471799,  -985.54103494, -1119.01444751,
       -1299.63897426, -1183.38266666, -1101.10980166,  -963.86766699])
