llh_GD_EXP: array([-5438.05508031, -4525.26870106, -4696.62121421, -4580.76255353,
       -4611.98368556, -4709.47425737, -4617.69138721, -4508.84382232,
       -4486.73530288, -4590.70070411, -4273.90720962, -4300.01773451,
       -4314.24413723, -5037.77258237, -4281.4846562 , -4379.5983671 ,
       -4285.09473344, -4503.1523801 , -4480.02321297, -4238.23434709,
       -2872.18474033, -2999.51838904, -3156.13932477, -2911.0457711 ,
       -3292.53981135, -3145.07849891, -3020.30343138, -3177.52803762,
       -3844.2992061 , -2918.1574763 , -4451.13020563, -4483.31969747,
       -4524.02691692, -4424.91836824, -4459.62451929, -4579.99219843,
       -4452.97523687, -4313.99235357, -4658.1811618 , -4449.02140627])
llh_GD_EXP_Renorm_alpha: array([-4730.56027602, -4713.17990135, -4775.6589622 , -4574.29115171,
                 -inf, -5627.14541172,           -inf, -5101.98170941,
       -6458.05828794, -5849.45986704, -7107.60712886, -4750.45868764,
       -6381.78747082, -4990.47873583, -5891.89551362, -5671.46204313,
       -4899.7107529 ,           -inf, -4801.88956349, -6924.03030505,
       -3227.78113556, -3372.5350619 , -3166.60682059, -2729.13233335,
       -3729.96774197, -2648.40120238, -3070.91312925, -3344.20591766,
       -3335.90927935, -3017.52329887, -4827.21250359, -5112.40434248,
       -6921.48679238, -6203.00772928, -4946.71579523, -6887.6115119 ,
       -5973.26569471, -6208.15588989, -5514.24013169, -5991.22834527])
llh_GD_EXP_Renorm_beta: array([ -6650.96543486,  -5505.26913851,  -5086.80305119,  -6045.65571859,
                  -inf,  -5981.62669222,            -inf,  -5937.17159078,
        -7967.5925654 ,  -6513.39978207, -10406.6101606 ,  -5859.06585025,
        -7129.00884649,  -5062.67902668,  -7330.42620905,  -6091.8923102 ,
        -8954.41576941,            -inf,  -5018.66415987,  -9840.3821329 ,
        -4095.86794344,  -4780.79414282,  -3650.40387765,  -5888.76379318,
        -5039.98389533,  -3570.26889085,  -3780.52620997,  -3927.47828575,
       -10907.30238654,  -4645.53630516,  -6126.88448467,  -6152.42754553,
        -7501.08302932, -10029.38321912,  -5792.30199224,  -7264.37681978,
        -6881.72115602, -10275.47431674,  -5670.43808475,  -7047.7526163 ])
llh_GD_EXP_Renorm_alphabeta: array([-5321.90866469, -4939.17976529, -4859.99691092, -5017.39691302,
                 -inf, -5717.84653984,           -inf, -5338.14401646,
       -6873.30974895, -6021.54134093, -8244.59204611, -5078.65258997,
       -6553.34711223, -5011.69235715, -6305.41503326, -5772.24931847,
       -6369.78696309,           -inf, -4859.95940877, -7892.76726289,
       -3459.41085059, -3758.42498368, -3296.11855799, -3645.79223189,
       -4088.65438983, -2898.04048063, -3260.57662982, -3499.19957468,
       -5758.64841216, -3468.32612339, -5212.86150116, -5411.73891319,
       -7029.9747151 , -7541.65769596, -5188.0098678 , -6943.04756355,
       -6212.56739058, -7694.23630217, -5550.96400921, -6272.52270999])
llh_GD_PWL: array([ -4559.01871004,  -4739.74233534,  -4496.61248265,  -4517.26614256,
        -7079.17540867,  -4779.75104274, -20616.36503659,  -4475.88844513,
        -4475.83447936,  -4539.05332996,  -4294.74658181,  -4305.0362351 ,
        -4525.04580953,  -4389.22626799,  -4262.46184002,  -4390.33071234,
       -30508.72185729,  -4266.78698046,  -4372.22024342, -22014.6558276 ,
        -3227.41712075,  -3231.20426118,  -3273.40241503, -14357.24199839,
        -5086.75974552,  -3036.55780794,  -5499.3199839 ,  -5669.6998849 ,
        -5141.42291716,  -3098.51815992,  -4474.20824284,  -4472.87689562,
        -4401.60364304,  -4462.19135088,  -5280.42317806,  -4434.03080108,
        -4400.27097732, -11109.14787869,  -4872.3639767 , -14077.32996468])
llh_GD_PWL_Renorm_K: array([   -6975.06276554,    -5368.4770758 ,    -5850.35616297,
          -5488.45624398,   -11884.55189641,    -7157.53327999,
       -1464232.18186965,    -5351.89694648,    -5721.09066727,
          -6332.62060356,    -6758.46885808,    -5802.48490871,
          -5865.66422784,    -6803.20200884,    -5438.30216788,
          -6180.56757414,  -235246.21707421,    -4930.60407391,
          -5008.18104308, -3171626.93162061,    -6165.44549698,
          -3585.63050347,    -3752.46496298,    -7499.38526642,
         -15042.43443238,    -3267.43939262,   -10210.24534182,
          -7580.47787539,   -21786.30820189,    -3255.53110405,
          -5197.77129896,    -5462.33949315,              -inf,
          -5250.80263498,    -6670.37068897,    -8335.17206893,
          -6061.18227523,   -24939.60086595,    -8000.5437206 ,
         -56198.08720002])
llh_GD_PWL_Renorm_c: array([ -9127.85954769,  -5600.27869386,  -7587.59851925,  -7455.65257456,
        -7470.51119112,  -7324.76416625, -23015.9931973 ,  -7378.84099465,
        -9376.37784577,  -6725.16133856,  -8196.31830188,  -7042.40463223,
        -6444.5292127 ,  -7623.54097234,  -6738.63877185,  -5280.8408706 ,
       -36231.71331573,  -5548.29198762,  -5680.69784696, -27208.49837148,
        -4978.39488702,  -4437.32116842,  -4613.03855505,  -8329.32430975,
        -8347.57444883,  -7398.77430573,  -8360.3180909 ,  -6896.15949371,
        -6711.31937338,  -5125.24964874,  -6253.98613252,  -9242.84786668,
                  -inf,  -6218.74437723,  -6079.65169594,  -5572.41979171,
        -7982.58909348, -12303.92300247,  -6511.24372821, -16018.6936472 ])
lllh_GD_PWL_Renorm_p: array([ -5885.16725522,  -4812.33834245,  -5146.8542952 ,  -4928.02094128,
        -6619.02844733,  -4800.37536269, -17138.09598717,  -4893.38767171,
        -6460.46487224,  -4649.55415178,  -5510.53545573,  -4613.01921885,
        -4392.0385396 ,  -5113.8400698 ,  -4686.57336976,  -4659.85315835,
       -28752.69817674,  -4344.43608734,  -4526.28493516, -19519.20631343,
        -3103.96183819,  -3116.83084821,  -3052.17692141,  -8249.63494999,
        -3619.74780056,  -3692.94657689,  -3379.30981925,  -3516.04087898,
        -3376.45906901,  -2951.71545706,  -4623.83170405,  -6381.14375782,
                  -inf,  -4557.40816767,  -5284.0699174 ,  -4496.4542927 ,
        -5205.73617597,  -9687.32227322,  -4537.28120791, -14328.30120031])
llh_GD_PWL_Renorm_Kc: array([ -5885.16725522,  -4812.33834245,  -5146.8542952 ,  -4928.02094128,
        -6619.02844733,  -4800.37536269, -17138.09598717,  -4893.38767171,
        -6460.46487224,  -4649.55415178,  -5510.53545573,  -4613.01921885,
        -4392.0385396 ,  -5113.8400698 ,  -4686.57336976,  -4659.85315835,
       -28752.69817674,  -4344.43608734,  -4526.28493516, -19519.20631343,
        -3103.96183819,  -3116.83084821,  -3052.17692141,  -8249.63494999,
        -3619.74780056,  -3692.94657689,  -3379.30981925,  -3516.04087898,
        -3376.45906901,  -2951.71545706,  -4623.83170405,  -6381.14375782,
                  -inf,  -4557.40816767,  -5284.0699174 ,  -4496.4542927 ,
        -5205.73617597,  -9687.32227322,  -4537.28120791, -14328.30120031,
       -63133.55368871])
llh_GD_PWL_Renorm_Kp: array([  -5384.34742412,   -5015.80220625,   -5249.51737485,
         -4705.54437678,   -8979.07087278,   -4994.2508768 ,
       -162254.02886423,   -4709.74773085,   -4881.27388995,
         -4947.17387293,   -5789.50694859,   -4547.89826323,
         -4588.7485375 ,   -4555.61212792,   -4847.79022645,
         -5438.67220526,  -83326.57436909,   -4524.88710405,
         -4687.38821882, -257370.61475653,   -4564.16572036,
         -3296.5302476 ,   -3190.10303103,   -7384.72572828,
         -5334.27623559,   -2592.95530246,   -3892.70035221,
         -4248.08388446,   -8971.79236377,   -2910.35530742,
         -4752.18620553,   -4855.02458808,             -inf,
         -4688.4668176 ,   -5803.72496404,   -6148.00934354,
         -5181.45316163,  -15162.06579532,   -5544.07608895,
        -29646.92666268])
llh_GD_QEXP: array([  3.73621402e+01,  -1.73262413e+03,  -4.84114788e+03,
        -2.37565424e+02,  -1.59598665e+03,  -2.15372836e+03,
        -6.58918779e+03,  -2.97597131e+03,  -1.39781143e+04,
         2.64952182e+03,  -7.00158983e+02,  -3.93409839e+03,
        -1.11705548e+03,   3.28884541e+03,  -9.69031992e+02,
         8.63341496e+03,  -2.68632264e+03,   6.38801493e+03,
        -4.07372707e+03,   9.94772619e+01,  -2.43870558e+04,
        -2.41184079e+03,   4.48899073e+04,  -4.12605442e+03,
        -1.06130154e+03,  -6.41444609e+02,  -5.26331578e+03,
         9.11073336e+02,  -6.16952471e+02,  -1.69052486e+02,
        -5.00048600e+02,   8.40406909e+03,  -1.01126570e+03,
         8.67992881e+03,  -2.36364952e+03,  -9.23949650e+02,
        -5.56181878e+03,   2.82015636e+02,  -7.39355894e+02,
        -2.18637537e+03])
llh_GD_QEXP_Renorm_a: array([-15483.78154284, -15034.1864583 , -15141.861208  ,  -4832.33186636,
       -15278.30633863, -15377.87309979, -15219.69769716, -15036.16700442,
       -14887.2625266 ,  -1600.39775678, -13513.56853619,  -5313.68287826,
       -13170.78247969,   -711.75009692, -13340.81724173,   2289.67263127,
       -13459.67606875,   2368.59479456, -13719.88220618, -13257.21717255,
       -36321.63246185, -35634.51476761,  20558.30261466, -37148.23262131,
       -34719.0190616 , -37904.60394408, -35530.28134538, -35007.27162924,
       -35558.14177416, -36652.41680906, -14788.31468072,    364.06435797,
       -14344.09273926,   3074.84842478, -14594.45312118, -14520.4817971 ,
       -14329.48101214, -13869.78108641, -14352.05102992, -14608.42942119])
lllh_GD_QEXP_Renorm_q: array([-15483.78154284, -15034.1864583 , -15141.861208  ,   5553.2694073 ,
       -15278.30633863, -15377.87309979, -15219.69769716, -15036.16700442,
       -14887.2625266 ,  13017.00053281, -13513.56853619,  -6813.89750033,
       -13170.78247969,  11241.3626741 , -13340.81724173,  13291.07513623,
       -13459.67606875,   9966.16438021, -13719.88220618, -13257.21717255,
       -36321.63246185, -35634.51476761,  60340.03644548, -37148.23262131,
       -34719.0190616 , -37904.60394408, -35530.28134538, -35007.27162924,
       -35558.14177416, -36652.41680906, -14788.31468072,  18033.94143722,
       -14344.09273926,  13267.52783837, -14594.45312118, -14520.4817971 ,
       -14329.48101214, -13869.78108641, -14352.05102992, -14608.42942119])
llh_GD_QEXP_Renorm_aq: array([-15483.78154284, -15034.1864583 , -15141.861208  ,   -127.39916466,
       -15278.30633863, -15377.87309979, -15219.69769716, -15036.16700442,
       -14887.2625266 ,   6277.25231134, -13513.56853619,  -6092.0994974 ,
       -13170.78247969,   5890.71909275, -13340.81724173,   8714.99186952,
       -13459.67606875,   6590.76482086, -13719.88220618, -13257.21717255,
       -36321.63246185, -35634.51476761,  43768.00205687, -37148.23262131,
       -34719.0190616 , -37904.60394408, -35530.28134538, -35007.27162924,
       -35558.14177416, -36652.41680906, -14788.31468072,  10982.45663857,
       -14344.09273926,   8856.50988773, -14594.45312118, -14520.4817971 ,
       -14329.48101214, -13869.78108641, -14352.05102992, -14608.42942119])
llh_GD_RAY: array([-4538.33868633, -4477.33441259, -5571.56551828, -4531.55717265,
       -4524.1856063 , -4540.09769908, -4523.26708883, -4484.75315496,
       -5555.98440643, -4515.90343761, -4284.10730757, -4370.2110778 ,
       -4264.46618122, -4790.07479452, -4386.19794621, -4322.06358177,
       -4381.53134552, -4225.13923836, -5095.05385556, -4273.0345432 ,
       -2829.27584968, -2898.95621308, -3004.6541885 , -3313.73075738,
       -3137.13933572, -2536.23437472, -2991.87070896, -3266.647344  ,
       -2977.36215608, -2963.89069877, -4729.12718975, -4462.02537361,
       -4386.74237925, -4469.95676353, -4424.45061509, -4443.0353748 ,
       -4551.68000765, -4560.62944747, -4534.89620853, -4513.53315672])
llh_GD_RAY_Renorm_gamma: array([-7672.08057939, -7084.78172998, -6428.13366358, -8149.89468439,
       -7127.33059293, -5352.15507829, -7757.28266751, -5511.86825058,
       -5611.93100127, -7888.14704848, -6023.68315522, -7098.69209768,
       -7742.32428556, -6505.43282182, -5396.63953345, -6992.8812881 ,
       -7008.87753281, -7221.8130567 , -6736.65051266, -7622.24518669,
       -3450.46661922, -3168.90144398, -3118.13465219, -3375.16602908,
       -3335.70408022, -3165.5698748 , -3342.43768728, -3675.8276055 ,
       -3133.84246961, -3808.57519778, -5018.56472756, -7321.36829224,
       -6785.12245809, -5433.69911247, -7873.64444281, -7735.90332583,
       -5794.14338133, -6745.62061673,           -inf,           -inf])
llh_GD_RAY_Renorm_eta: array([ -5070.66905746,  -5142.68376112,  -6537.59378756,  -5807.80418225,
        -5538.8594402 ,  -4875.15457684,  -5725.99275152,  -4809.62059786,
        -5724.53662147,  -5458.68859597,  -4729.77579198,  -5809.25887475,
        -5625.57020409,  -6087.91515999,  -4851.18953965,  -5079.41132822,
        -5445.17303832,  -4358.4155835 ,  -5944.69885252,  -5407.88341405,
        -3077.53562759,  -3034.38282072,  -3176.06347943,  -3245.84870656,
        -3362.96732035,  -2709.47978267,  -3170.25748877,  -3557.89258736,
        -3113.59438012,  -3018.48258286,  -4981.51676964,  -5222.25442691,
        -4832.89054285,  -4765.02360695,  -4961.1682628 ,  -5792.62639991,
        -5327.42121675,  -6149.65687025,            -inf, -14636.30213266])
llh_GD_RAY_Renorm_gammaeta: array([-5866.0100334 , -5844.90147257, -6482.29457809, -6760.2717836 ,
       -6174.80197246, -5046.34660042, -6560.81404848, -5025.65912262,
       -5666.97832507, -6393.91433501, -5177.06053545, -6413.36224574,
       -6567.51226592, -6289.592764  , -5079.70658138, -5844.27926467,
       -6119.79270826, -4907.98980188, -6319.85409065, -6359.89185981,
       -3238.70761117, -3079.29230037, -3145.43824471, -3308.76510366,
       -3344.5063086 , -2893.14766214, -3235.24175676, -3613.62897288,
       -3122.98451916, -3320.18271189, -4999.64477231, -6013.81965758,
       -5417.63996844, -5002.2105762 , -5900.28372968, -6645.43660075,
       -5539.00792603, -6437.45630267,           -inf,           -inf])
