llh_GD_EXP: array([-5438.05508031, -4525.26870106, -4696.62121421, -4580.76255353,
       -4611.98368556, -4709.47425737, -4617.69138721, -4508.84382232,
       -4486.73530288, -4590.70070411, -4273.90720962, -4300.01773451,
       -4314.24413723, -5037.77258237, -4281.4846562 , -4379.5983671 ,
       -4285.09473344, -4503.1523801 , -4480.02321297, -4238.23434709,
       -2872.18474033, -2999.51838904, -3156.13932477, -2911.0457711 ,
       -3292.53981135, -3145.07849891, -3020.30343138, -3177.52803762,
       -3844.2992061 , -2918.1574763 , -4451.13020563, -4483.31969747,
       -4524.02691692, -4424.91836824, -4459.62451929, -4579.99219843,
       -4452.97523687, -4313.99235357, -4658.1811618 , -4449.02140627])
llh_GD_EXP_Renorm_alpha: array([-4737.70462622, -4722.90544544, -4788.63840004, -4578.1298364 ,
                 -inf, -5721.16699397,           -inf, -5138.81197963,
       -6800.90967256, -6012.57867823, -7725.17850245, -4769.69614018,
       -6771.30929033, -5023.59846767, -6111.8998101 , -5853.87025406,
       -4930.99929989,           -inf, -4820.56315297, -7471.41830648,
       -3290.21489137, -3428.98817502, -3172.02630967, -2741.31690113,
       -3776.49708496, -2654.49248569, -3082.03274161, -3363.50223023,
       -3340.4999184 , -3047.589965  , -4845.13143285, -5155.20701111,
       -7460.75473867, -6483.17594217, -4976.16986561, -7441.86548006,
       -6200.15166207, -6555.54356434, -5630.53107015, -6240.42302282])
llh_GD_EXP_Renorm_beta: array([ -6733.09309281,  -5541.96697431,  -5109.78332181,  -6095.88915403,
                  -inf,  -6113.28032331,            -inf,  -6025.25114647,
        -8630.69999273,  -6771.40950079, -12129.06448786,  -5936.96180009,
        -7735.51464761,  -5083.96391423,  -7817.39673943,  -6358.68603137,
        -9443.45660883,            -inf,  -5045.26903648, -11335.9820218 ,
        -4190.97932393,  -4891.33715305,  -3669.54586524,  -5998.67200462,
        -5136.76842681,  -3601.02220428,  -3811.37271831,  -3963.75729277,
       -11208.49872183,  -4729.36807649,  -6207.38740223,  -6267.99828751,
        -8244.44219173, -11114.7239373 ,  -5866.94652933,  -7974.27844847,
        -7264.99746797, -11637.72635836,  -5809.00439771,  -7486.99556509])
llh_GD_EXP_Renorm_alphabeta: array([-5347.00354677, -4956.25305761, -4875.89050848, -5032.32291997,
                 -inf, -5826.57316705,           -inf, -5391.7678615 ,
       -7342.78898999, -6222.28650351, -9269.41205561, -5114.73328388,
       -7033.69900786, -5038.59186888, -6626.8936758 , -5989.70594948,
       -6503.58852104,           -inf, -4880.97385771, -8795.10606806,
       -3532.48952097, -3831.90643612, -3305.86962709, -3683.54142027,
       -4150.86776221, -2911.32118299, -3277.5301753 , -3523.59491639,
       -5828.40532089, -3514.12335003, -5248.47889916, -5478.5437265 ,
       -7657.54834757, -8087.07846351, -5231.78731797, -7566.27463554,
       -6501.05781171, -8377.64001377, -5676.46054246, -6597.5330612 ])
llh_GD_PWL: array([ -4559.01871004,  -4739.74233534,  -4496.61248265,  -4517.26614256,
        -7079.17540867,  -4779.75104274, -20616.36503659,  -4475.88844513,
        -4475.83447936,  -4539.05332996,  -4294.74658181,  -4305.0362351 ,
        -4525.04580953,  -4389.22626799,  -4262.46184002,  -4390.33071234,
       -30508.72185729,  -4266.78698046,  -4372.22024342, -22014.6558276 ,
        -3227.41712075,  -3231.20426118,  -3273.40241503, -14357.24199839,
        -5086.75974552,  -3036.55780794,  -5499.3199839 ,  -5669.6998849 ,
        -5141.42291716,  -3098.51815992,  -4474.20824284,  -4472.87689562,
        -4401.60364304,  -4462.19135088,  -5280.42317806,  -4434.03080108,
        -4400.27097732, -11109.14787869,  -4872.3639767 , -14077.32996468])
llh_GD_PWL_Renorm_K: array([   -7160.4397619 ,    -5395.11676059,    -5923.66880004,
          -5524.06844231,   -11970.13231768,    -7195.69437003,
       -1477492.9509847 ,    -5386.21981414,    -5781.64560029,
          -6361.86095832,    -6971.95822347,    -5862.19567547,
          -5902.33092188,    -6838.96958244,    -5493.49043787,
          -6207.87974049,  -237396.80234494,    -4947.96228164,
          -5030.97479186, -3200239.02319901,    -6217.93624963,
          -3603.62719895,    -3787.76683042,    -7576.22742951,
         -15188.3740015 ,    -3293.2272093 ,   -10317.28157714,
          -7655.23534818,   -22012.05094839,    -3278.971544  ,
          -5226.80481052,    -5511.49341332,              -inf,
          -5278.64323216,    -6702.96270891,    -8386.00173425,
          -6164.88138607,   -25152.86549499,    -8046.11434951,
         -56714.74571975])
llh_GD_PWL_Renorm_c: array([ -9801.29213616,  -5650.59397106,  -7882.23857153,  -7703.44543505,
        -7491.82282684,  -7470.33995779, -23007.32426625,  -7628.39823895,
       -10136.7768389 ,  -6849.37561887,  -8762.76443895,  -7275.43851609,
        -6565.44247296,  -7861.26399189,  -6944.90527299,  -5312.89846493,
       -36253.15642596,  -5618.83982785,  -5756.10934593, -27205.57101068,
        -5095.18989162,  -4521.58710589,  -4711.53635951,  -8365.72939357,
        -8502.7629262 ,  -7699.00220621,  -8540.95907276,  -7019.84136023,
        -6788.53025154,  -5254.31029772,  -6372.23136197,  -9983.93011766,
                  -inf,  -6333.35400517,  -6112.69331556,  -5619.66561043,
        -8410.32126173, -12323.69076888,  -6581.84995444, -16033.12728782])
lllh_GD_PWL_Renorm_p: array([ -5939.82616552,  -4816.79607611,  -5169.14512363,  -4947.83183204,
        -6615.61623109,  -4816.26053389, -17119.41710549,  -4912.01714239,
        -6550.48600034,  -4660.08941085,  -5554.03498549,  -4629.51818392,
        -4398.75352987,  -5150.87335809,  -4700.72404063,  -4660.15686999,
       -28736.69494329,  -4347.97472216,  -4531.94336683, -19503.11193131,
        -3108.78882483,  -3117.49110381,  -3056.45786901,  -8229.96962973,
        -3636.63084649,  -3738.52435729,  -3393.6533874 ,  -3514.93134895,
        -3367.26008529,  -2957.9022533 ,  -4631.02215983,  -6466.02999072,
                  -inf,  -4563.60058214,  -5286.21898139,  -4497.3982523 ,
        -5235.63427544,  -9679.10848086,  -4540.0008536 , -14318.18726969])
llh_GD_PWL_Renorm_Kc: array([ -5939.82616552,  -4816.79607611,  -5169.14512363,  -4947.83183204,
        -6615.61623109,  -4816.26053389, -17119.41710549,  -4912.01714239,
        -6550.48600034,  -4660.08941085,  -5554.03498549,  -4629.51818392,
        -4398.75352987,  -5150.87335809,  -4700.72404063,  -4660.15686999,
       -28736.69494329,  -4347.97472216,  -4531.94336683, -19503.11193131,
        -3108.78882483,  -3117.49110381,  -3056.45786901,  -8229.96962973,
        -3636.63084649,  -3738.52435729,  -3393.6533874 ,  -3514.93134895,
        -3367.26008529,  -2957.9022533 ,  -4631.02215983,  -6466.02999072,
                  -inf,  -4563.60058214,  -5286.21898139,  -4497.3982523 ,
        -5235.63427544,  -9679.10848086,  -4540.0008536 , -14318.18726969,
       -63730.9706466 ])
llh_GD_PWL_Renorm_Kp: array([  -5412.55942213,   -5026.18732622,   -5275.42125349,
         -4712.46816733,   -9013.14538251,   -4998.91154126,
       -162985.53036133,   -4717.75484691,   -4896.67971739,
         -4952.35056104,   -5852.81560243,   -4555.98460003,
         -4594.0124242 ,   -4559.5986652 ,   -4865.97181365,
         -5452.3481519 ,  -83705.71442135,   -4530.90448349,
         -4696.85923191, -258534.25147197,   -4579.87857385,
         -3303.27732907,   -3198.28040155,   -7415.38388875,
         -5340.84758418,   -2594.8231396 ,   -3893.83955544,
         -4253.22318548,   -9004.66616093,   -2916.33473095,
         -4761.4368032 ,   -4869.38304859,             -inf,
         -4695.49130812,   -5817.31710546,   -6163.48433068,
         -5207.95001175,  -15223.95451874,   -5552.87238197,
        -29789.45584156])
llh_GD_QEXP: array([  3.73621402e+01,  -1.73262413e+03,  -4.84114788e+03,
        -2.37565424e+02,  -1.59598665e+03,  -2.15372836e+03,
        -6.58918779e+03,  -2.97597131e+03,  -1.39781143e+04,
         2.64952182e+03,  -7.00158983e+02,  -3.93409839e+03,
        -1.11705548e+03,   3.28884541e+03,  -9.69031992e+02,
         8.63341496e+03,  -2.68632264e+03,   6.38801493e+03,
        -4.07372707e+03,   9.94772619e+01,  -2.43870558e+04,
        -2.41184079e+03,   4.48899073e+04,  -4.12605442e+03,
        -1.06130154e+03,  -6.41444609e+02,  -5.26331578e+03,
         9.11073336e+02,  -6.16952471e+02,  -1.69052486e+02,
        -5.00048600e+02,   8.40406909e+03,  -1.01126570e+03,
         8.67992881e+03,  -2.36364952e+03,  -9.23949650e+02,
        -5.56181878e+03,   2.82015636e+02,  -7.39355894e+02,
        -2.18637537e+03])
llh_GD_QEXP_Renorm_a: array([-22424.31882109, -21724.71760193, -21892.02684246, -11615.00429347,
       -22104.16190376, -22261.06952148, -22013.4423826 , -21728.99178232,
       -21497.51647105,  -8378.00175882, -19378.39134534, -10985.89933115,
       -18852.11454784,  -6610.77730297, -19113.89468038,  -3304.27538733,
       -19294.68163248,  -3257.21483976, -19694.79945993, -18984.42192595,
       -57030.85621773, -55816.20264312,    160.21893042, -58479.03126232,
       -54217.20392689, -59817.98568776, -55633.98565597, -54718.76448094,
       -55682.48879311, -57604.76579677, -21343.52140287,  -6188.08952499,
       -20658.46786385,  -3363.42595116, -21044.15266726, -20928.89592645,
       -20634.68159968, -19924.97553934, -20668.71978878, -21065.00987006])
lllh_GD_QEXP_Renorm_q: array([-22424.31882109, -21724.71760193, -21892.02684246,  12308.07283132,
       -22104.16190376, -22261.06952148, -22013.4423826 , -21728.99178232,
       -21497.51647105,  15428.37398596, -19378.39134534,  -2420.16131513,
       -18852.11454784,  12980.31511268, -19113.89468038,  13770.03231692,
       -19294.68163248,  11121.40433708, -19694.79945993, -18984.42192595,
       -57030.85621773, -55816.20264312,  61994.63451009, -58479.03126232,
       -54217.20392689, -59817.98568776, -55633.98565597, -54718.76448094,
       -55682.48879311, -57604.76579677, -21343.52140287,  18604.5017583 ,
       -20658.46786385,  14239.6724327 , -21044.15266726, -20928.89592645,
       -20634.68159968, -19924.97553934, -20668.71978878, -21065.00987006])
llh_GD_QEXP_Renorm_aq: array([-22424.31882109, -21724.71760193, -21892.02684246,   1052.00572247,
       -22104.16190376, -22261.06952148, -22013.4423826 , -21728.99178232,
       -21497.51647105,   6328.98793412, -19378.39134534,  -7291.7660623 ,
       -18852.11454784,   5539.6286782 , -19113.89468038,   6992.61556834,
       -19294.68163248,   5362.01129425, -19694.79945993, -18984.42192595,
       -57030.85621773, -55816.20264312,  37308.26619229, -58479.03126232,
       -54217.20392689, -59817.98568776, -55633.98565597, -54718.76448094,
       -55682.48879311, -57604.76579677, -21343.52140287,   9368.54168853,
       -20658.46786385,   7225.65242034, -21044.15266726, -20928.89592645,
       -20634.68159968, -19924.97553934, -20668.71978878, -21065.00987006])
llh_GD_RAY: array([-4538.33868633, -4477.33441259, -5571.56551828, -4531.55717265,
       -4524.1856063 , -4540.09769908, -4523.26708883, -4484.75315496,
       -5555.98440643, -4515.90343761, -4284.10730757, -4370.2110778 ,
       -4264.46618122, -4790.07479452, -4386.19794621, -4322.06358177,
       -4381.53134552, -4225.13923836, -5095.05385556, -4273.0345432 ,
       -2829.27584968, -2898.95621308, -3004.6541885 , -3313.73075738,
       -3137.13933572, -2536.23437472, -2991.87070896, -3266.647344  ,
       -2977.36215608, -2963.89069877, -4729.12718975, -4462.02537361,
       -4386.74237925, -4469.95676353, -4424.45061509, -4443.0353748 ,
       -4551.68000765, -4560.62944747, -4534.89620853, -4513.53315672])
llh_GD_RAY_Renorm_gamma: array([-8909.02107076, -8055.81500094, -7040.31315328, -9647.83113899,
       -8158.41767595, -5471.14216558, -9065.86626968, -5734.13851021,
       -5873.80203557, -9259.60543118, -6524.95467261, -8219.39380046,
       -9246.1290876 , -7199.90921245, -5666.40699666, -8069.62238486,
       -7993.07730919, -8391.66183674, -7545.44541468, -8996.69268267,
       -3641.54866205, -3282.45535429, -3144.29650234, -3560.80949713,
       -3363.92584608, -3339.90584804, -3481.96791566, -3831.5761813 ,
       -3212.14007021, -4080.79627772, -5090.85328262, -8443.92219445,
       -7639.63315257, -5626.04242528, -9314.49665242, -9170.18230304,
       -6159.37802795, -7664.41557463,           -inf,           -inf])
llh_GD_RAY_Renorm_eta: array([ -5101.00217153,  -5229.89851863,  -7181.13797166,  -6141.59597348,
        -5758.7018285 ,  -4886.68541051,  -6050.03835726,  -4821.40040163,
        -6024.12552636,  -5627.71133178,  -4757.66135703,  -6186.68331502,
        -5973.20789241,  -6574.58138327,  -4911.92029682,  -5202.42152449,
        -5706.0511104 ,  -4363.3430164 ,  -6350.03799431,  -5633.27173245,
        -3195.75494855,  -3096.98402426,  -3199.84527819,  -3397.44739969,
        -3385.45878683,  -2789.06029817,  -3247.70219103,  -3684.42244289,
        -3180.98121018,  -3105.48575137,  -5038.4629615 ,  -5314.00046618,
        -4870.85584578,  -4777.53479618,  -5010.88317972,  -6137.10474705,
        -5503.39964094,  -6727.65020775,            -inf, -21067.83630263])
llh_GD_RAY_Renorm_gammaeta: array([-6192.06829921, -6193.45129928, -7110.00590585, -7537.96227806,
       -6701.85923153, -5085.37629895, -7257.45732868, -5072.10234288,
       -5947.36299257, -6976.07560938, -5328.11773827, -7113.97542082,
       -7390.43729792, -6874.39770924, -5219.65968232, -6309.35365566,
       -6669.21444356, -4982.90879693, -6902.98370188, -7018.50734945,
       -3388.56001155, -3162.83675314, -3169.94858247, -3476.58511353,
       -3368.93783847, -3012.00339323, -3341.42407484, -3754.00032433,
       -3195.55058871, -3482.47413392, -5063.98362104, -6433.4351258 ,
       -5638.04293462, -5047.12398936, -6284.36453818, -7440.14246775,
       -5791.45666687, -7173.39971745,           -inf,           -inf])
