llh_GD_EXP: array([-1084.0735274 ,  -915.37389554,  -945.01281101,  -915.39162482,
        -894.94553063,  -928.40791299,  -926.54175986,  -923.19885579,
        -879.51342987,  -903.83498364,  -861.36984134,  -934.2797482 ,
        -920.73017266, -1024.758014  ,  -890.62676475,  -910.64533381,
        -919.01316154,  -927.07082252,  -928.15413747,  -904.00903856,
        -859.92748682,  -853.69967937,  -826.56656996,  -880.07424418,
        -851.6018672 ,  -843.38847617,  -873.33928007,  -862.36758905,
       -1095.89809727,  -888.98277573,  -853.69525928,  -887.86160766,
        -889.00691929,  -865.54296156,  -856.8128871 ,  -892.31768741,
        -867.7167131 ,  -888.60719037,  -956.30165759,  -859.92378461,
        -636.12074003,  -656.76292798,  -368.93771676,  -655.91649184,
        -501.45734526,  -599.45059054,  -675.36091239,  -628.71866935,
        -444.17507304,  -572.54394803,  -676.82198244,  -465.15592291,
        -670.79307535,  -722.96686584,  -576.63250372,  -501.86241296,
        -608.89554426,  -630.72450172,  -656.20171196,  -712.99281489,
        -936.93126361,  -940.75674124,  -875.47946961,  -852.29098976,
        -912.84430899,  -887.53614379,  -906.41664184,  -903.89526635,
        -896.63430602,  -942.2001284 ,  -913.04824762,  -880.82235906,
        -927.94868923,  -903.24465533,  -886.95469291,  -894.99487361,
       -1008.50303434,  -937.37930639,  -856.53899934,  -890.58898562])
llh_GD_EXP_Renorm_alpha: array([ -933.5638826 ,  -957.23803739,  -961.00726369,  -924.38412746,
                 -inf, -1117.43255173, -1165.91956607, -1044.07562619,
       -1335.42107418, -1198.79501952, -1389.63060018, -1010.07089258,
       -1330.35828236, -1030.90679262, -1204.82341742, -1140.54352932,
       -1017.45993042,            nan,  -985.37657455, -1432.57603541,
       -1298.02596868,           -inf,           -inf,           -inf,
                 -inf,  -870.97808302,  -980.74395802, -1039.0024158 ,
        -847.49831372,           -inf,  -966.7022868 , -1026.47949425,
       -1372.52093239, -1260.01538696,  -965.35427638, -1402.03584113,
       -1262.16297645, -1279.48927948, -1132.50600099, -1237.21191757,
        -798.16378229,  -731.97532616,  -386.74896682,  -701.47373918,
        -536.66986855,  -616.26071246,  -697.70334469,  -652.423366  ,
        -459.14812818,  -576.58662141,  -680.51767372,  -533.02001162,
        -725.86034678,  -874.5790432 ,  -575.14747262,  -498.74903516,
        -637.47451317,  -748.18801464,  -668.31063386,  -729.14410987,
       -1178.60975298, -1034.31932357,  -902.02093656, -1218.23471323,
        -953.84784202,  -987.49955175, -1090.62118374,  -928.02113646,
       -1257.55754259,  -910.90176158,  -965.094742  , -1024.4696022 ,
       -1336.47557877,  -919.71165201, -1102.25970514, -1056.44245485,
       -1168.90810401, -1343.53149086, -1165.82727782,  -906.58441929])
llh_GD_EXP_Renorm_beta: array([-1316.18273732, -1124.08300993, -1024.96640437, -1218.94611491,
                 -inf, -1188.01980089, -3063.41395903, -1224.15291451,
       -2319.64887488, -1364.03527831, -2079.16377238, -1082.11057035,
       -1521.38872734, -1033.4560641 , -1549.39739637, -1244.26443847,
       -1173.7665483 , -2976.79323149, -1028.79703629, -2184.82626939,
       -1471.2473183 , -2648.73509925, -2541.18031791,           -inf,
                 -inf,  -937.76288321, -1211.79074375, -1824.85791439,
       -1049.88584135,           -inf, -1314.42087437, -1225.22228469,
       -1478.65903121, -1891.39187876, -1113.47104196, -1459.30428023,
       -1859.26078623, -2172.0136561 , -1164.93887342, -1422.22527054,
       -1158.61794805,  -957.40330504,  -388.91149813,  -871.64850799,
        -582.27793613,  -620.09706562,  -827.61578032,  -691.74466674,
        -460.27368879,  -579.92099128,  -680.29350283,  -770.82179045,
        -972.16795135, -1017.65977261,  -890.49785864,  -694.62980469,
        -806.77623172,  -808.06349529,  -804.27217856,  -731.14094815,
       -1199.26676846, -1046.19703285, -1209.35242004, -1397.94125579,
       -1045.00832844, -1150.01922901, -1186.43747541, -1018.46436423,
       -1465.80185218, -1225.8032886 , -1582.10461338, -1273.2598056 ,
       -1356.9874651 , -1307.81007526, -1379.74029063, -1505.19330178,
       -1178.03084209, -1377.20869298, -1659.78356818, -1180.11496759])
llh_GD_EXP_Renorm_alphabeta: array([-1052.12264242, -1005.2224162 ,  -978.4508986 , -1014.69041058,
                 -inf, -1135.75826017, -3063.41319406, -1095.24294153,
       -1731.33800317, -1241.63435184, -1625.5537753 , -1029.77870619,
       -1378.20675113, -1032.07839009, -1305.44031525, -1166.82884618,
       -1061.65688259,            nan,  -996.98216771, -1692.60332067,
       -1338.48451357, -2648.73647208, -2541.18279778,           -inf,
                 -inf,  -889.68099378, -1049.33852213, -1320.99840013,
        -908.57681738,           -inf, -1074.93961147, -1084.36774938,
       -1390.60794214, -1474.61623849, -1007.68314284, -1407.70836994,
       -1462.54714323, -1609.92768684, -1140.45220706, -1285.2108209 ,
        -897.61360674,  -793.421434  ,  -387.51367056,  -747.62136709,
        -548.59796497,  -617.30855403,  -732.53756689,  -662.73127784,
        -459.70772394,  -577.69262989,  -680.31676884,  -597.67256837,
        -793.2441821 ,  -912.35992332,  -665.05261659,  -552.13338766,
        -683.36745598,  -763.66054161,  -705.25810233,  -729.90640049,
       -1182.35668497, -1037.44876288,  -996.47926741, -1261.71076519,
        -979.4904544 , -1033.60237712, -1115.98444971,  -953.75049355,
       -1310.64242856, -1007.47934985, -1168.15171178, -1097.80946717,
       -1336.22561542, -1045.40034492, -1183.10707232, -1197.08872467,
       -1170.82393982, -1345.55813361, -1323.53831187,  -990.78207644])
max_EXP_Renorm: array([ -933.5638826 ,  -957.23803739,  -961.00726369,  -924.38412746,
                 -inf, -1117.43255173, -1165.91956607, -1044.07562619,
       -1335.42107418, -1198.79501952, -1389.63060018, -1010.07089258,
       -1330.35828236, -1030.90679262, -1204.82341742, -1140.54352932,
       -1017.45993042,            nan,  -985.37657455, -1432.57603541,
       -1298.02596868, -2648.73509925, -2541.18031791,           -inf,
                 -inf,  -870.97808302,  -980.74395802, -1039.0024158 ,
        -847.49831372,           -inf,  -966.7022868 , -1026.47949425,
       -1372.52093239, -1260.01538696,  -965.35427638, -1402.03584113,
       -1262.16297645, -1279.48927948, -1132.50600099, -1237.21191757,
        -798.16378229,  -731.97532616,  -386.74896682,  -701.47373918,
        -536.66986855,  -616.26071246,  -697.70334469,  -652.423366  ,
        -459.14812818,  -576.58662141,  -680.29350283,  -533.02001162,
        -725.86034678,  -874.5790432 ,  -575.14747262,  -498.74903516,
        -637.47451317,  -748.18801464,  -668.31063386,  -729.14410987,
       -1178.60975298, -1034.31932357,  -902.02093656, -1218.23471323,
        -953.84784202,  -987.49955175, -1090.62118374,  -928.02113646,
       -1257.55754259,  -910.90176158,  -965.094742  , -1024.4696022 ,
       -1336.22561542,  -919.71165201, -1102.25970514, -1056.44245485,
       -1168.90810401, -1343.53149086, -1165.82727782,  -906.58441929])
llh_GD_PWL: array([ -935.58568478,  -951.79423657,  -901.9480785 ,  -908.17877964,
       -1338.4458246 , -1009.42851742, -3573.40482825,  -915.32995705,
        -874.90788715,  -890.66342037,  -862.45935362,  -925.96181742,
        -967.42559537,  -910.6947996 ,  -890.31545125,  -916.96618648,
       -6740.11062917,  -895.11395616,  -928.11897599, -4898.77656088,
        -846.41188919,  -844.99714456,  -837.79146444, -1557.72009801,
        -897.42483   ,  -838.88621772,  -883.987012  , -1038.35263684,
       -1044.95186753,  -893.18633072,  -862.19142292,  -876.65614167,
        -866.96100048,  -878.68320142,  -947.30235015,  -852.64981285,
        -860.92697618, -2193.61846434,  -991.57576374, -3120.0425057 ,
       -5246.96479203,  -934.84446855,  -456.71121079,  -726.38602863,
        -689.26507694,  -841.77842267,  -741.64637842,  -680.03438201,
       -2503.32133311,  -695.31692829,  -725.61642767,  -662.52061204,
        -880.5336955 ,  -758.11214391,  -647.92498245,  -602.83747322,
        -807.16206083,  -739.28929112,  -870.77177077,  -836.70743928,
        -870.34103719,  -871.16134281,  -929.62243991,  -850.24120384,
        -914.95904181, -1153.96136376,  -887.1288176 ,  -897.67941986,
        -894.19050687,  -921.05568873,  -938.30312922,  -881.34544294,
        -901.31039668,  -959.61705246,  -888.27059806,  -897.09751348,
       -1078.78374674,  -897.28884663,  -858.48702377, -1027.26329008])
llh_GD_PWL_Renorm_K: array([  -1151.89751205,   -1071.78279787,   -1178.36323949,
         -1145.67297348,   -3446.23276762,   -1858.9874639 ,
       -131457.34602146,   -1124.7451116 ,   -1151.66682444,
         -1356.78583935,   -1331.25541883,   -1213.12390217,
         -1261.44815062,   -1398.35012489,   -1112.52636151,
         -1308.67786951,  -52556.7655739 ,   -1024.04207306,
         -1023.37841831, -147046.03761896,   -1050.02304072,
          -970.45270961,   -1086.0824589 ,   -1897.34364185,
         -3533.79045945,   -1054.84337217,   -1865.40371189,
         -1395.62684475,   -2039.76757617,   -1054.55435024,
         -1023.92174277,   -1113.21394697,             -inf,
         -1056.09146985,   -1446.00705254,   -1369.15653989,
         -1210.75212846,   -6200.70861207,   -1637.27550121,
         -3296.54065284,   -4260.87939158,   -9200.574987  ,
         -1312.6519857 ,    -924.43274138,   -1598.67432719,
          -907.01262975,   -1333.35783928,   -3191.45743583,
         -8265.63671233,   -1099.61952734,    -745.81553007,
          -713.83368968,   -1521.54168461,   -1376.74162912,
          -788.1935368 ,    -695.92680342,   -1060.56149385,
         -1178.70697081,   -1821.13748953,   -1557.69075392,
         -1150.66659153,   -1117.73879785,   -1402.20007824,
         -1287.33537525,   -1711.04043018,   -4558.2125892 ,
         -1303.34201383,   -1243.85212727,   -1278.83004524,
         -1224.17233608,   -1472.75437574,   -1738.51921009,
         -1186.02996708,   -1247.82239941,   -1149.28094434,
         -1074.85132909,   -1493.28150995,   -1093.71818151,
         -1401.65852766,   -1599.39512526])
llh_GD_PWL_Renorm_c: array([-1282.93771881, -1115.39328242, -1533.75306688, -1879.88910055,
       -1482.25592062, -1312.2470616 , -3645.50703166, -1545.98261793,
       -1849.37071607, -1405.03175287, -1615.46926454, -1457.93567927,
       -1394.61034071, -1572.72520512, -1380.62285333, -1099.96877846,
       -8150.831651  , -1154.74279558, -1061.96399807, -5134.12292685,
       -1195.5283663 , -1129.8768021 , -1432.47806228, -1539.74086372,
       -1419.22473912, -1440.55953111, -1884.79685807, -1396.69768159,
       -1340.37347538, -1253.34373973, -1221.81958824, -1855.53292447,
                 -inf, -1248.61770656, -1219.72602933, -1168.82623854,
       -1578.20976717, -2539.6972481 , -1361.18443185, -2954.07749461,
       -4018.58013479, -1589.88170375, -1392.97139587, -1346.7536442 ,
       -1599.81594905, -1220.51054792, -1377.22060004, -1035.13145265,
       -2926.37388308, -1513.44669527, -1457.08849413, -1255.7959349 ,
        -871.81820105, -1708.34744014, -1671.89668248,  -761.34935432,
       -1285.21774947, -1697.89894695,  -831.79402139, -1124.60308923,
       -1561.96612306, -1504.63542686, -1432.61401109, -1399.53777901,
       -1170.95719138, -1385.67453955, -1313.87589376, -1384.15934118,
       -1367.74658202, -1429.98530326, -1316.98585764, -2078.14271248,
       -1364.07426942, -1057.87774219, -1372.70544208, -1475.48451911,
       -1472.57126483, -1365.55990741, -1280.08624288, -1197.73820452])
lllh_GD_PWL_Renorm_p: array([ -958.33709705,  -970.93155166, -1063.7077452 , -1386.11721086,
       -1207.28079204,  -936.69643086, -2911.28634541, -1065.82296804,
       -1345.09454715, -1013.79627805, -1123.41636902, -1007.18624801,
        -959.03579504, -1136.35186286,  -995.29586896,  -955.81491619,
       -5975.66483442,  -920.54522219,  -950.07046142, -4220.38725334,
        -888.84215978,  -870.78381855,  -965.12527295, -1375.55595444,
       -1027.46415861,  -983.23668975, -1523.50001224,  -934.78702904,
        -917.37422446,  -940.98632582,  -915.02294913, -1337.42805594,
                 -inf,  -918.96600711,  -892.19052627,  -892.68588995,
       -1059.34263243, -1780.02035278,  -941.90627981, -2592.44557647,
       -3938.37873231,  -826.77650845,  -732.20293067,  -812.84660708,
       -1313.39818987,  -702.21546564, -1304.72763472,  -757.25020513,
       -1160.11789695,  -968.08507078,  -883.58096676,  -682.3847145 ,
       -1032.8480219 , -1139.55964816,  -966.7384414 ,  -522.81522672,
        -723.42725077, -1010.36367312, -1177.24710987,  -771.91849623,
       -1067.42202436, -1020.62573192,  -972.67825329, -1135.24036406,
        -930.50492181,  -984.55941522, -1002.78366414, -1081.16769506,
       -1178.32716567,  -993.82036409,  -954.53862264, -1769.68453676,
        -937.65745031, -1024.99161926, -1011.07329734, -1022.01767518,
        -961.8737681 ,  -960.87122298,  -949.55283305,  -943.42011816])
llh_GD_PWL_Renorm_Kc: array([ -958.33709705,  -970.93155166, -1063.7077452 , -1386.11721086,
       -1207.28079204,  -936.69643086, -2911.28634541, -1065.82296804,
       -1345.09454715, -1013.79627805, -1123.41636902, -1007.18624801,
        -959.03579504, -1136.35186286,  -995.29586896,  -955.81491619,
       -5975.66483442,  -920.54522219,  -950.07046142, -4220.38725334,
        -888.84215978,  -870.78381855,  -965.12527295, -1375.55595444,
       -1027.46415861,  -983.23668975, -1523.50001224,  -934.78702904,
        -917.37422446,  -940.98632582,  -915.02294913, -1337.42805594,
                 -inf,  -918.96600711,  -892.19052627,  -892.68588995,
       -1059.34263243, -1780.02035278,  -941.90627981, -2592.44557647,
       -3938.37873231,  -826.77650845,  -732.20293067,  -812.84660708,
       -1313.39818987,  -702.21546564, -1304.72763472,  -757.25020513,
       -1160.11789695,  -968.08507078,  -883.58096676,  -682.3847145 ,
       -1032.8480219 , -1139.55964816,  -966.7384414 ,  -522.81522672,
        -723.42725077, -1010.36367312, -1177.24710987,  -771.91849623,
       -1067.42202436, -1020.62573192,  -972.67825329, -1135.24036406,
        -930.50492181,  -984.55941522, -1002.78366414, -1081.16769506,
       -1178.32716567,  -993.82036409,  -954.53862264, -1769.68453676,
        -937.65745031, -1024.99161926, -1011.07329734, -1022.01767518,
        -961.8737681 ,  -960.87122298,  -949.55283305,  -943.42011816,
       -1854.31813456])
llh_GD_PWL_Renorm_Kp: array([  -993.82240776,  -1007.01652799,  -1064.23974631,  -1015.16261653,
        -2041.66326221,  -1175.84850962, -19472.44206333,   -995.82260456,
         -998.56417653,   -958.0914267 ,  -1154.41512592,   -973.59548441,
         -982.17856892,   -932.28903739,  -1009.68442505,  -1121.95275942,
       -17738.05494406,   -947.74816827,   -978.52543136, -25086.94159343,
         -909.06842753,   -889.93632473,   -912.16078103,  -1589.88687635,
        -1120.81889886,   -898.39035021,   -963.51029156,   -984.77882089,
        -1208.18674943,   -964.60617568,   -935.83851055,   -995.74501803,
                  -inf,   -940.68975055,  -1055.73028325,  -1003.81976572,
        -1036.95131974,  -3163.77165276,  -1091.68583774,  -2819.48532822,
        -4075.080405  ,  -1684.64114637,   -424.79797322,   -699.40431072,
         -586.57531686,   -644.08548393,  -1318.5712864 ,  -1269.68938836,
        -3034.81554705,   -569.15596029,   -652.24353355,   -499.41972686,
        -1311.77606783,  -1189.3083564 ,   -596.77271   ,   -568.18661674,
         -679.159346  ,   -968.9321832 ,  -1560.88418401,  -1073.16924093,
        -1005.82228565,   -981.62403409,   -949.82800233,  -1194.28429879,
        -1198.57377347,  -1906.4991057 ,   -971.24255923,  -1136.7822868 ,
        -1222.07494352,   -940.42874046,  -1073.90450315,  -1033.70149362,
         -923.55098816,  -1141.76252204,  -1042.90115552,   -948.86861993,
        -1008.38117892,   -931.08689515,   -948.09489924,  -1193.07694051])
max_PWL_Renorm: array([ -958.33709705,  -970.93155166, -1063.7077452 , -1015.16261653,
       -1207.28079204,  -936.69643086, -2911.28634541,  -995.82260456,
        -998.56417653,  -958.0914267 , -1123.41636902,  -973.59548441,
        -959.03579504,  -932.28903739,  -995.29586896,  -955.81491619,
       -5975.66483442,  -920.54522219,  -950.07046142, -4220.38725334,
        -888.84215978,  -870.78381855,  -912.16078103, -1375.55595444,
       -1027.46415861,  -898.39035021,  -963.51029156,  -934.78702904,
        -917.37422446,  -940.98632582,  -915.02294913,  -995.74501803,
                 -inf,  -918.96600711,  -892.19052627,  -892.68588995,
       -1036.95131974, -1780.02035278,  -941.90627981, -2592.44557647,
       -3938.37873231,  -826.77650845,  -424.79797322,  -699.40431072,
        -586.57531686,  -644.08548393, -1304.72763472,  -757.25020513,
       -1160.11789695,  -569.15596029,  -652.24353355,  -499.41972686,
        -871.81820105, -1139.55964816,  -596.77271   ,  -522.81522672,
        -679.159346  ,  -968.9321832 ,  -831.79402139,  -771.91849623,
       -1005.82228565,  -981.62403409,  -949.82800233, -1135.24036406,
        -930.50492181,  -984.55941522,  -971.24255923, -1081.16769506,
       -1178.32716567,  -940.42874046,  -954.53862264, -1033.70149362,
        -923.55098816, -1024.99161926, -1011.07329734,  -948.86861993,
        -961.8737681 ,  -931.08689515,  -948.09489924,  -943.42011816])
llh_GD_QEXP: array([  7.42057048e+00,  -3.41743291e+02,  -9.84508014e+02,
        -2.99391192e+02,  -2.36106573e+02,  -4.33159894e+02,
        -1.32584602e+03,  -5.94885695e+02,  -2.61907763e+03,
         6.05057309e+01,  -1.49756171e+02,  -9.40473814e+02,
        -2.92947394e+02,  -3.51574340e+02,  -1.73364185e+02,
         1.41813001e+03,  -6.57703474e+02,   8.80045568e+02,
        -9.45712645e+02,   1.11838712e+01,  -1.33157808e+03,
        -1.82191704e+02,  -1.07147870e+02,  -3.11124568e+02,
        -1.96768278e+02,  -4.24423055e+01,  -3.97830214e+02,
        -3.43152676e+00,  -1.96468615e+02,  -3.10709316e+02,
        -1.49715504e+01,  -5.84706945e-01,  -1.30655677e+02,
         9.27507927e+02,  -4.22223113e+02,  -1.90350494e+02,
        -1.05219550e+03,   3.49570351e+01,  -1.74001043e+02,
        -4.50515299e+02,  -2.34889358e+01,   5.68060106e+03,
         6.87003218e+02,  -8.66605125e+02,   1.44063731e+02,
         3.34497240e+02,  -3.03172718e+02,   5.77449220e+03,
         8.13519352e+03,  -3.70863138e+03,   4.02110634e+03,
        -8.40944764e+02,  -1.21372456e+03,   1.83476407e+03,
        -7.88153105e+02,  -1.01351839e+04,  -4.88273397e+02,
         6.92346226e+03,  -1.12734996e+03,   2.09293680e+02,
         2.91915803e+02,  -3.31383737e+02,  -7.10125738e+02,
        -6.56797774e+02,  -7.66662731e+02,  -6.21878367e+02,
        -3.20059663e+02,   1.25014118e+03,  -2.73345016e+02,
        -2.44773205e+02,  -1.89911600e+03,  -6.41976074e+02,
        -3.58415125e+02,  -1.99999284e+02,   1.96583717e+03,
         3.02282228e+01,   2.86723625e+01,   2.82458665e+02,
         2.39848100e+02,   1.03204058e+03])
llh_GD_QEXP_Renorm_a: array([ -3079.21766525,   -341.74329058,   -984.50801373,  -1236.37018642,
        -2870.72361116,   -433.15989405,  -1325.84602483,   -594.8856947 ,
        -2619.07763358,   -769.25022353,  -2760.9715187 ,   -940.47381392,
        -2988.05734242,  -3040.02596626,  -2966.47201431,    -70.42192851,
         -657.70347354,    -61.96267886,   -945.71264545,  -3049.3149244 ,
        -1331.57808458,  -2643.80440618,  -2536.4971496 ,  -2778.13737206,
        -2674.65260309,  -2596.42422251,   -397.83021355,  -2754.7877945 ,
        -2531.7129981 ,  -2870.97056673,  -2679.31277378,  -2844.37888201,
        -2788.14572436,   -108.32163956,   -422.22311271,  -2622.00996482,
        -1052.19550041,  -2944.03492232,  -2875.4711988 ,   -450.5152988 ,
          -23.48893575,   1468.77170088,  -8196.43062786,   -866.60512539,
        -7100.1872449 ,  -6986.12243958,   -303.1727182 ,   1866.53578333,
         2332.68244354,  -3708.63137849,    450.70873781,   -840.94476379,
        -1213.72456401,  -1018.90902285,   -788.15310537, -10135.1838794 ,
         -488.27339683,   1878.02477846,  -1127.34995721,  -7053.11452789,
        -1064.74008713,  -2786.31016945,   -710.1257385 ,   -656.79777371,
         -766.66273099,   -621.87836729,  -2954.2818396 ,   -740.09058631,
        -2957.89546102,  -2975.43770619,  -1899.11600416,   -641.97607433,
         -358.41512454,  -3053.87787262,    -47.72981305,  -3051.8959309 ,
        -1514.33451296,   -190.02858193,  -1091.38061142,   -487.15930813])
lllh_GD_QEXP_Renorm_q: array([ -3079.21766525,   -341.74329058,   -984.50801373,    502.43961337,
        -2870.72361116,   -433.15989405,  -1325.84602483,   -594.8856947 ,
        -2619.07763358,   1603.78630269,  -2760.9715187 ,   -940.47381392,
        -2988.05734242,  -3040.02596626,  -2966.47201431,   2268.7659762 ,
         -657.70347354,   1528.23553885,   -945.71264545,  -3049.3149244 ,
        -1331.57808458,  -2643.80440618,  -2536.4971496 ,  -2778.13737206,
        -2674.65260309,  -2596.42422251,   -397.83021355,  -2754.7877945 ,
        -2531.7129981 ,  -2870.97056673,  -2679.31277378,  -2844.37888201,
        -2788.14572436,   1602.86926869,   -422.22311271,  -2622.00996482,
        -1052.19550041,  -2944.03492232,  -2875.4711988 ,   -450.5152988 ,
          -23.48893575,   7848.66991702,  -8196.43062786,   -866.60512539,
        -7100.1872449 ,  -6986.12243958,   -303.1727182 ,   8047.83493847,
        10950.8102094 ,  -3708.63137849,   7224.89499833,   -840.94476379,
        -1213.72456401,   6634.46801565,   -788.15310537, -10135.1838794 ,
         -488.27339683,   9311.37667857,  -1127.34995721,  -7053.11452789,
         1857.02202925,  -2786.31016945,   -710.1257385 ,   -656.79777371,
         -766.66273099,   -621.87836729,  -2954.2818396 ,   2744.12067384,
        -2957.89546102,  -2975.43770619,  -1899.11600416,   -641.97607433,
         -358.41512454,  -3053.87787262,   2785.00633827,  -3051.8959309 ,
         1567.632377  ,   1089.79436104,   2039.68731305,   2284.63301029])
llh_GD_QEXP_Renorm_aq: array([ -3079.21766525,   -341.74329058,   -984.50801373,   -444.218212  ,
        -2870.72361116,   -433.15989405,  -1325.84602483,   -594.8856947 ,
        -2619.07763358,    482.58496648,  -2760.9715187 ,   -940.47381392,
        -2988.05734242,  -3040.02596626,  -2966.47201431,   1259.7057834 ,
         -657.70347354,    804.99165637,   -945.71264545,  -3049.3149244 ,
        -1331.57808458,  -2643.80440618,  -2536.4971496 ,  -2778.13737206,
        -2674.65260309,  -2596.42422251,   -397.83021355,  -2754.7877945 ,
        -2531.7129981 ,  -2870.97056673,  -2679.31277378,  -2844.37888201,
        -2788.14572436,    841.07424114,   -422.22311271,  -2622.00996482,
        -1052.19550041,  -2944.03492232,  -2875.4711988 ,   -450.5152988 ,
          -23.48893575,   5091.49937887,  -8196.43062786,   -866.60512539,
        -7100.1872449 ,  -6986.12243958,   -303.1727182 ,   5319.56649886,
         7256.93239614,  -3708.63137849,   4154.83511123,   -840.94476379,
        -1213.72456401,   2848.75721827,   -788.15310537, -10135.1838794 ,
         -488.27339683,   6107.60976752,  -1127.34995721,  -7053.11452789,
          413.66372983,  -2786.31016945,   -710.1257385 ,   -656.79777371,
         -766.66273099,   -621.87836729,  -2954.2818396 ,   1284.36868813,
        -2957.89546102,  -2975.43770619,  -1899.11600416,   -641.97607433,
         -358.41512454,  -3053.87787262,   1589.7995293 ,  -3051.8959309 ,
         -281.98333906,    491.3620146 ,    499.42182518,   1087.17421761])
max_QEXP_Renorm: array([ -3079.21766525,   -341.74329058,   -984.50801373,    502.43961337,
        -2870.72361116,   -433.15989405,  -1325.84602483,   -594.8856947 ,
        -2619.07763358,   1603.78630269,  -2760.9715187 ,   -940.47381392,
        -2988.05734242,  -3040.02596626,  -2966.47201431,   2268.7659762 ,
         -657.70347354,   1528.23553885,   -945.71264545,  -3049.3149244 ,
        -1331.57808458,  -2643.80440618,  -2536.4971496 ,  -2778.13737206,
        -2674.65260309,  -2596.42422251,   -397.83021355,  -2754.7877945 ,
        -2531.7129981 ,  -2870.97056673,  -2679.31277378,  -2844.37888201,
        -2788.14572436,   1602.86926869,   -422.22311271,  -2622.00996482,
        -1052.19550041,  -2944.03492232,  -2875.4711988 ,   -450.5152988 ,
          -23.48893575,   7848.66991702,  -8196.43062786,   -866.60512539,
        -7100.1872449 ,  -6986.12243958,   -303.1727182 ,   8047.83493847,
        10950.8102094 ,  -3708.63137849,   7224.89499833,   -840.94476379,
        -1213.72456401,   6634.46801565,   -788.15310537, -10135.1838794 ,
         -488.27339683,   9311.37667857,  -1127.34995721,  -7053.11452789,
         1857.02202925,  -2786.31016945,   -710.1257385 ,   -656.79777371,
         -766.66273099,   -621.87836729,  -2954.2818396 ,   2744.12067384,
        -2957.89546102,  -2975.43770619,  -1899.11600416,   -641.97607433,
         -358.41512454,  -3053.87787262,   2785.00633827,  -3051.8959309 ,
         1567.632377  ,   1089.79436104,   2039.68731305,   2284.63301029])
llh_GD_RAY: array([ -901.84838227,  -911.75530745, -1100.58828176,  -907.05752941,
        -882.4646414 ,  -903.55393315,  -901.59180625,  -917.02503894,
       -1074.71905101,  -885.54799537,  -861.16494657,  -952.39132234,
        -901.64161446,  -915.89190855,  -921.5617485 ,  -908.2641717 ,
        -924.50233641,  -891.6833828 , -1050.85863625,  -905.51318002,
        -858.34246039,  -905.31565052,  -866.11887257, -1082.26914609,
        -855.86663664,  -849.98012364,  -880.99264512,  -885.98729362,
        -900.73396275,  -888.49808554,  -917.82949999,  -878.25553274,
        -863.54925702,  -868.10726224,  -841.95564315,  -860.64210392,
        -903.43943752,  -949.51639739,  -895.16277444,  -842.25492257,
        -639.76162331,  -730.32009991,  -355.89773684,  -692.01025168,
        -538.11250576,  -607.56293008,  -675.20301105,  -636.17211632,
        -428.78169235,  -631.86911461,  -687.84805381,  -467.73951841,
        -632.23365876,  -659.61690725,  -466.52529107,  -609.13757764,
        -618.66494727,  -655.02873578,  -652.38668115,  -713.43700201,
        -867.89697593,  -868.36557954,  -885.8166303 ,  -953.33390536,
        -909.87420723,  -878.08333266,  -894.83728326,  -885.67082137,
        -947.1734392 ,  -899.96426676,  -923.2456411 ,  -898.09103044,
        -894.44163706,  -905.54068515,  -892.69227042,  -896.12222258,
       -1030.41915111,  -878.86638517,  -906.33339844,  -890.61001474])
llh_GD_RAY_Renorm_gamma: array([-1507.68479681, -1356.83062306, -1268.61823423, -1591.9751133 ,
       -1453.40040142, -1073.29590602, -1485.61261946, -1113.50340846,
       -1088.03838938, -1559.45795735, -1196.15827236, -1443.64414644,
       -1542.23324217,           -inf, -1111.54719079, -1337.9078998 ,
       -1370.6808599 , -1423.25908769, -1321.95925557, -1554.04232236,
       -1402.28617498, -1170.02786902,  -935.68563007, -1258.5416871 ,
       -1195.84141463,           -inf, -1284.00954685, -1301.93936492,
       -1033.79996082, -1678.90250163,  -986.62998816, -1493.9763682 ,
       -1375.97452496, -1062.11126769, -1597.70653451, -1625.46909459,
       -1189.47570999, -1362.33323567,           -inf,           -inf,
        -873.12270844,  -784.20062651,  -440.63131518,  -691.08113075,
        -536.93264439,  -684.40551589,  -842.12472088,  -780.70939585,
        -556.40509099,  -651.58130655,  -756.48453708,  -486.47517756,
        -717.37684746,  -721.81609441,  -522.54982609,  -596.96676375,
        -781.14874517,  -627.5909187 ,  -704.47141311,  -757.70039044,
       -1474.36555454, -1562.42718948, -1370.31252359, -1283.05116784,
       -1544.54155072, -1508.66535099, -1406.6336998 , -1283.68622798,
        -987.01620506, -1195.29928325, -1603.15742871, -1447.53670764,
       -1472.21332778, -1152.39290808, -1026.6410036 , -1437.14711832,
       -1259.22431679, -1460.1050533 , -1060.44302715, -1295.60695761])
llh_GD_RAY_Renorm_eta: array([ -997.19000853, -1053.951019  , -1288.45571345, -1190.31663932,
       -1067.51393026,  -974.93514651, -1154.39299001,  -966.44368501,
       -1110.65322497, -1062.72585963,  -967.73478057, -1207.02077829,
       -1122.65470743, -3045.88737041, -1014.01574689, -1081.82198341,
       -1144.57350953,  -982.14916306, -1236.8815321 , -1098.4522385 ,
       -1119.75003166, -1100.58511035,  -916.69764476, -1229.83894552,
        -949.97520651,           -inf, -1073.2766521 , -1035.10262465,
       -1004.18727993, -1108.95250939,  -976.95486131, -1009.20097486,
        -955.21054965,  -945.51758636,  -880.07551279, -1165.5342678 ,
       -1078.05133476, -1228.56928732,           -inf,           -inf,
        -720.609111  ,  -803.38613235,  -389.89613038,  -726.4307561 ,
        -536.96855644,  -670.91728565,  -740.09106655,  -697.94004099,
        -518.9938085 ,  -617.73948337,  -752.37661861,  -476.71979996,
        -695.68078202,  -712.26003581,  -493.60160942,  -599.25580115,
        -704.39972508,  -634.41707731,  -703.12842229,  -795.49954647,
       -1059.06295478,  -910.26909105,  -999.66090362, -1141.90294729,
       -1079.24162373, -1168.72534597, -1006.04412155, -1017.29123177,
        -984.77509146, -1050.39763605, -1174.32264705, -1053.45155671,
       -1250.02823322, -1034.16453102,  -981.19758632, -1084.63533384,
       -1206.31751515, -1119.5725659 , -2765.22783126,  -960.113502  ])
llh_GD_RAY_Renorm_gammaeta: array([-1145.73466001, -1163.74217574, -1278.44901836, -1361.41987935,
       -1215.48368855, -1011.25989499, -1294.22194776,  -990.46678558,
       -1099.05617552, -1238.52791434, -1049.51392164, -1318.07895816,
       -1291.52042588,           -inf, -1054.93960396, -1184.61701099,
       -1240.09017199, -1083.71866493, -1277.55830955, -1284.98322187,
       -1245.57849013, -1133.55514732,  -925.73202661, -1243.96290879,
       -1033.77228068,           -inf, -1159.73223115, -1142.78597945,
       -1018.52631985, -1334.49896309,  -981.71425889, -1195.41774393,
       -1102.41684606,  -989.35106928, -1028.29754083, -1373.88941932,
       -1131.85199193, -1291.45847374,           -inf,           -inf,
        -787.17493488,  -793.61953956,  -411.37001561,  -706.45711613,
        -536.95048288,  -677.41791122,  -782.50172702,  -731.03142959,
        -536.67196838,  -633.79416763,  -754.41974339,  -479.87031697,
        -705.78264442,  -715.90554815,  -502.79414298,  -598.10800641,
        -738.59566915,  -630.19392994,  -703.79298921,  -776.88897252,
       -1221.29828259, -1055.2425496 , -1108.9956481 , -1206.57859694,
       -1258.62449398, -1325.36975972, -1143.64776578, -1113.28108629,
        -985.88661256, -1109.7243362 , -1360.46409598, -1215.62064162,
       -1351.96816665, -1082.16542644,  -997.93562175, -1229.21792507,
       -1231.84050386, -1249.78508456, -2602.48733795, -1056.36112566])
max_RAY_Renorm: array([ -997.19000853, -1053.951019  , -1268.61823423, -1190.31663932,
       -1067.51393026,  -974.93514651, -1154.39299001,  -966.44368501,
       -1088.03838938, -1062.72585963,  -967.73478057, -1207.02077829,
       -1122.65470743, -3045.88737041, -1014.01574689, -1081.82198341,
       -1144.57350953,  -982.14916306, -1236.8815321 , -1098.4522385 ,
       -1119.75003166, -1100.58511035,  -916.69764476, -1229.83894552,
        -949.97520651,           -inf, -1073.2766521 , -1035.10262465,
       -1004.18727993, -1108.95250939,  -976.95486131, -1009.20097486,
        -955.21054965,  -945.51758636,  -880.07551279, -1165.5342678 ,
       -1078.05133476, -1228.56928732,           -inf,           -inf,
        -720.609111  ,  -784.20062651,  -389.89613038,  -691.08113075,
        -536.93264439,  -670.91728565,  -740.09106655,  -697.94004099,
        -518.9938085 ,  -617.73948337,  -752.37661861,  -476.71979996,
        -695.68078202,  -712.26003581,  -493.60160942,  -596.96676375,
        -704.39972508,  -627.5909187 ,  -703.12842229,  -757.70039044,
       -1059.06295478,  -910.26909105,  -999.66090362, -1141.90294729,
       -1079.24162373, -1168.72534597, -1006.04412155, -1017.29123177,
        -984.77509146, -1050.39763605, -1174.32264705, -1053.45155671,
       -1250.02823322, -1034.16453102,  -981.19758632, -1084.63533384,
       -1206.31751515, -1119.5725659 , -1060.44302715,  -960.113502  ])
