llh_GD_EXP: array([-32651.22544919, -27099.53706026, -28090.49445602, -27013.48715545,
       -27535.91291311, -27941.3503876 , -27619.76483077, -27027.9601988 ,
       -27262.53400473, -27531.13840782, -25321.48520896, -25889.81929609,
       -26092.34603659, -29803.5606456 , -25749.32611802, -26586.94010409,
       -25596.54252401, -27063.58070421, -26533.96059814, -25461.40435416,
       -17662.13382774, -17670.9216403 , -18486.87797291, -18756.6094844 ,
       -18558.86891903, -20421.27882054, -18031.60591094, -16943.88341519,
       -22765.24393353, -17797.24905931, -26420.32248759, -26731.56081639,
       -27501.73650693, -26541.71760276, -26768.68454405, -27758.04002653,
       -26962.26283112, -26789.61991306, -28130.66796633, -26800.55004433])
llh_GD_EXP_Renorm_alpha: array([-27968.59630372, -28390.25332927, -28634.3315021 , -27070.66126579,
                  -inf, -34017.26639885,            -inf, -30756.50827118,
       -40805.40585081, -36114.71624193, -46247.39647408, -28633.23373069,
       -41064.26677731, -29750.07828604, -36670.78494079, -35097.0003829 ,
       -29401.52178601,            -inf, -28595.20328414, -44531.26020074,
       -20199.00285934, -20264.76721979, -18495.77795512, -17356.15961201,
       -20909.05933578, -17779.0328758 , -18382.66219476, -17946.82057014,
       -19488.41981407, -18370.89455341, -28922.4271139 , -30799.7614553 ,
       -45299.29334546, -38887.19226734, -29803.01761639, -44947.68268589,
       -37315.63566851, -39348.30851756, -33842.50179942, -37663.52061547])
llh_GD_EXP_Renorm_beta: array([-39539.8174234 , -56126.4732223 , -30547.22969746, -35768.04957025,
                  -inf, -36344.54847476,            -inf, -36067.38360183,
       -52213.26016509, -40629.34404897, -71572.61860995, -35707.47154426,
       -46927.50643879, -30100.82820416, -46962.63325427, -37658.60688521,
       -56246.40795152,            -inf, -29903.99387761, -67772.45074004,
       -25527.38637547, -29080.44162938, -21431.27806474, -36053.97493267,
       -30846.70850399, -23081.25186935, -22748.32550611, -21197.51305347,
       -67255.74825803, -28301.31568763, -37399.62747055, -37337.91537391,
       -50158.21113863, -66557.51526382, -35192.56327723, -48201.31976521,
       -43983.62780994, -72962.28490698, -34947.14327759, -45132.96667932])
llh_GD_EXP_Renorm_alphabeta: array([-31499.75315667, -37862.23938743, -29152.06481301, -29659.96939049,
                  -inf, -34641.03407843,            -inf, -32271.47690955,
       -44193.22589928, -37363.06300735, -55106.12847455, -30723.10626133,
       -42666.71958308, -29837.67576698, -39780.42534738, -35779.93502728,
       -38752.29985629,            -inf, -28945.9745944 , -52452.26110316,
       -21632.08615503, -22691.27902773, -19272.82479561, -22754.15229388,
       -23665.10087428, -19209.02392279, -19552.26601161, -18808.50708107,
       -34560.71348277, -21122.23224617, -31445.5537748 , -32698.24910311,
       -46521.82323758, -48463.65173497, -31346.67897483, -45712.07535569,
       -39207.68186433, -51387.02590214, -34126.73860353, -39804.32558394])
llh_GD_PWL: array([ -26999.98558532,  -28286.96809818,  -26929.99546178,
        -28023.87597245,  -45358.94962815,  -29690.74017485,
       -121238.94755222,  -26857.18665917,  -27156.39978641,
        -27246.45967039,  -25450.65706591,  -25989.70244258,
        -27317.76409209,  -25948.13609986,  -25626.63519524,
        -30411.89942916, -193428.82053996,  -25891.8470895 ,
        -25962.82072022, -147998.81757068,  -19736.86851435,
        -19102.47081616,  -19378.69773426,  -84329.7168371 ,
        -28625.36963338,  -20178.76704155,  -33117.12293761,
        -32686.45792632,  -22594.35906472,  -18836.83676117,
        -26550.57936669,  -26650.30914145,  -26737.13723731,
        -26821.6649921 ,  -39393.29396135,  -26755.87405367,
        -26736.31822509,  -71833.37647521,  -29500.68475375,
        -97500.67428524])
llh_GD_PWL_Renorm_K: array([  -42235.7818229 ,   -32078.68932356,   -35355.50057208,
         -33478.70659679,  -235355.29318328,   -40099.24165782,
       -5441144.51951342,   -32163.42339025,   -34940.31558596,
         -38170.13099871,   -41316.10716086,   -35468.57806571,
         -35767.03150062,   -40291.08238175,   -32945.09603929,
         -40864.02806647, -1517416.01096577,   -30117.3284687 ,
         -29852.74078701, -9736988.01474873,   -37744.43974889,
         -21289.55042328,   -22264.35247634,   -45284.31794961,
        -184381.58743503,   -21698.60884473,   -62324.91476997,
         -44447.97462112,   -68464.81861231,   -19650.86271391,
         -31111.52723103,   -33034.33122809,              -inf,
         -31710.70234985,   -42967.94561717,   -51256.88006946,
         -37151.97501246,  -558325.13245736,   -48853.49667058,
       -1090581.24950726])
llh_GD_PWL_Renorm_c: array([ -57617.81884874,  -33566.77558118,  -47055.59091559,
        -35900.37186913,  -49546.56873697,  -43766.45340488,
       -147692.64707223,  -45586.23242272,  -61728.48302088,
        -41134.37133003,  -51781.62590124,  -44088.63050082,
        -39766.52408649,  -46283.6211637 ,  -41622.54999878,
        -32639.43643768, -227251.88019409,  -34286.10427738,
        -34168.18176171, -182788.27637154,  -30923.05916406,
        -26650.92363793,  -27817.58544856,  -49847.33449727,
        -46942.68274906,  -48553.38398178,  -51708.79048119,
        -40176.94221225,  -55639.22108876,  -31276.95166758,
        -37869.46482668,  -59744.46959856,             -inf,
        -38055.32189933,  -38746.4996387 ,  -34027.65290399,
        -50917.43950135,  -86600.6884012 ,  -39458.00966501,
       -115293.73287265])
lllh_GD_PWL_Renorm_p: array([ -33563.01923571,  -28653.44315758,  -30409.77050094,
        -28181.68369152,  -48721.03211652,  -27690.70840189,
       -110088.16954965,  -28514.27906209,  -37590.86530309,
        -27353.64403007,  -32437.14942247,  -27127.62025303,
        -26243.36661897,  -28775.74889766,  -27900.09923087,
        -32199.51854872, -193735.4578438 ,  -26322.07826344,
        -26734.70057945, -136930.35411617,  -19162.10705345,
        -18985.1063148 ,  -17761.51768689,  -49227.22933027,
        -19891.73852702,  -22356.31635879,  -19707.85890512,
        -19707.8503931 ,  -27236.18812358,  -17532.15413708,
        -27234.39245087,  -36135.78510909,             -inf,
        -27143.67369986,  -36166.63851053,  -27596.08097664,
        -31020.38854704,  -75316.1416124 ,  -27600.54754128,
       -103505.50796784])
llh_GD_PWL_Renorm_Kc: array([  -33563.01923571,   -28653.44315758,   -30409.77050094,
         -28181.68369152,   -48721.03211652,   -27690.70840189,
        -110088.16954965,   -28514.27906209,   -37590.86530309,
         -27353.64403007,   -32437.14942247,   -27127.62025303,
         -26243.36661897,   -28775.74889766,   -27900.09923087,
         -32199.51854872,  -193735.4578438 ,   -26322.07826344,
         -26734.70057945,  -136930.35411617,   -19162.10705345,
         -18985.1063148 ,   -17761.51768689,   -49227.22933027,
         -19891.73852702,   -22356.31635879,   -19707.85890512,
         -19707.8503931 ,   -27236.18812358,   -17532.15413708,
         -27234.39245087,   -36135.78510909,              -inf,
         -27143.67369986,   -36166.63851053,   -27596.08097664,
         -31020.38854704,   -75316.1416124 ,   -27600.54754128,
        -103505.50796784, -1445821.99398461])
llh_GD_PWL_Renorm_Kp: array([  -31421.57333015,   -29895.13103064,   -31410.98968359,
         -29667.42152017,  -120184.81037118,   -29303.96197785,
        -819510.7946041 ,   -28024.04604955,   -29041.49714424,
         -30288.94230596,   -34574.89891251,   -27205.3531958 ,
         -27799.26667793,   -27145.9563081 ,   -29144.52543627,
         -36948.717375  ,  -558937.81447531,   -27510.4561026 ,
         -27803.36825847, -1208280.04011606,   -30571.19702698,
         -19825.48897708,   -18665.19109344,   -44436.45511999,
         -61398.64208111,   -17403.39894019,   -25438.09639193,
         -25183.40352213,   -23519.02743488,   -17463.00695307,
         -28212.66180827,   -28502.79810378,              -inf,
         -28123.18349035,   -38567.3107126 ,   -39837.22951279,
         -31353.2914899 ,  -221128.49416739,   -35183.358435  ,
        -366816.15870053])
llh_GD_QEXP: array([  2.16727577e+02,  -1.05675006e+04,  -2.89506161e+04,
        -1.65735321e+03,  -9.66595775e+03,  -1.29502730e+04,
        -3.94238981e+04,  -1.75885549e+04,  -8.64926138e+04,
         2.94055604e+04,  -3.78901984e+03,  -2.24946727e+04,
        -3.60779840e+03,   3.21675581e+04,  -5.58643436e+03,
         4.52193130e+04,  -1.54486309e+04,   4.09321369e+04,
        -2.39583523e+04,   1.22100816e+03,  -1.44210177e+05,
        -1.44042232e+04,   2.76436510e+05,  -2.40138540e+04,
        -6.56194218e+03,  -5.40515962e+03,  -3.15168430e+04,
         1.07343112e+04,  -3.35702975e+03,  -1.43595187e+03,
         2.11911898e+03,   5.53902631e+04,  -6.39002997e+03,
         4.53657531e+04,  -1.24225989e+04,  -5.61248155e+03,
        -3.45055713e+04,   1.74400113e+03,  -1.75120112e+03,
        -1.30943786e+04])
llh_GD_QEXP_Renorm_a: array([-130676.99419142, -129326.17497779, -130889.46038431,
        -69004.29474152, -130772.68565304, -132767.68085071,
       -131764.04315552, -130264.29468312, -132478.21356742,
        -35084.3752306 , -113156.12858846,  -60980.25147148,
       -113942.56849714,  -24117.27689508, -114990.53069229,
        -23670.66920258, -114951.78328693,  -11999.16610362,
       -115452.52055716, -114448.02273696, -338085.28771341,
       -336475.96088835,   29600.85500007, -338514.82446547,
       -333655.89254241, -340368.69020444, -333248.92802001,
       -341486.22660873, -337884.05303228, -341368.96668681,
       -124729.52758315,  -24299.47823243, -127344.02014909,
        -24003.90308611, -127285.70396984, -126922.59481861,
       -127964.94989955, -129328.73421708,  -73836.9291458 ,
       -126122.64737461])
lllh_GD_QEXP_Renorm_q: array([-130676.99419142, -129326.17497779, -130889.46038431,
         90668.95723628, -130772.68565304, -132767.68085071,
       -131764.04315552, -130264.29468312, -132478.21356742,
        123006.67158218, -113156.12858846,    -536.06154953,
       -113942.56849714,  101043.35337435, -114990.53069229,
        112685.12449069, -114951.78328693,   89815.86900237,
       -115452.52055716, -114448.02273696, -338085.28771341,
       -336475.96088835,  450667.87456906, -338514.82446547,
       -333655.89254241, -340368.69020444, -333248.92802001,
       -341486.22660873, -337884.05303228, -341368.96668681,
       -124729.52758315,  135044.03017732, -127344.02014909,
        114848.69622961, -127285.70396984, -126922.59481861,
       -127964.94989955, -129328.73421708,  119849.8438437 ,
       -126122.64737461])
llh_GD_QEXP_Renorm_aq: array([-130676.99419142, -129326.17497779, -130889.46038431,
          3290.94994332, -130772.68565304, -132767.68085071,
       -131764.04315552, -130264.29468312, -132478.21356742,
         65885.26687893, -113156.12858846,  -35353.94411133,
       -113942.56849714,   56083.35667833, -114990.53069229,
         64908.60407014, -114951.78328693,   51552.91099809,
       -115452.52055716, -114448.02273696, -338085.28771341,
       -336475.96088835,  297884.19884046, -338514.82446547,
       -333655.89254241, -340368.69020444, -333248.92802001,
       -341486.22660873, -337884.05303228, -341368.96668681,
       -124729.52758315,   79753.62121515, -127344.02014909,
         64796.84725091, -127285.70396984, -126922.59481861,
       -127964.94989955, -129328.73421708,    5996.86678016,
       -126122.64737461])
llh_GD_RAY: array([-26890.0164438 , -26773.05977974, -33218.41471126, -26865.4295593 ,
       -27011.05476511, -27101.61117665, -27137.64237288, -26899.23575449,
       -33364.29520841, -27013.3462411 , -25443.86798049, -26380.81790874,
       -25778.68855625, -28088.85514271, -26561.56754889, -26280.6660388 ,
       -26124.05527507, -25597.72114831, -29873.62224651, -25628.48492109,
       -17302.14717422, -17079.63176878, -17323.82808179, -21049.5854552 ,
       -17648.0240392 , -17133.0883024 , -17785.58569896, -17459.62887476,
       -17492.50874401, -18148.18170759, -28131.89202281, -26546.6500081 ,
       -26622.79673587, -26766.65025342, -26602.02388738, -26792.09674542,
       -27590.20284906, -28401.91146869, -28761.44652926, -27065.18129439])
llh_GD_RAY_Renorm_gamma: array([-53896.04060984, -47867.30966748, -42387.72953001, -57098.1128204 ,
       -48921.47550401, -32955.10052926, -54123.32397279, -34558.34536309,
       -35096.91848225, -55501.07222967, -39241.40459204, -49260.35225617,
       -56220.82003595, -43017.31871957, -34343.77016497, -48809.87018878,
       -48294.22785471, -50315.66564271, -44396.24257045, -53197.05774031,
       -22182.16289816, -19470.87382891, -18188.84429801, -22905.20937756,
       -19142.49684557, -22076.76603644, -20496.80851547, -20695.22466701,
       -18843.8566144 , -24721.87017287, -30147.20462736, -50038.36652319,
       -45305.21197647, -33507.51821878, -54763.11133137, -54813.55984426,
       -37574.13114505, -46139.31333906, -29341.70007775,            -inf])
llh_GD_RAY_Renorm_eta: array([ -30225.08286518,  -31504.11911573,  -43202.35980974,
        -37967.50886998,  -34093.14598403,  -29276.00157639,
        -36431.03118624,  -28836.55759259,  -35970.74319628,
        -33787.62051147,  -28199.30367918,  -36244.13620191,
        -35613.60500684,  -39286.11539972,  -29674.25681972,
        -31437.87696739,  -34656.85392478,  -26378.8753441 ,
        -37617.36139798,  -34047.77217881,  -19904.25599515,
        -18313.86649288,  -18503.04054103,  -21896.39000268,
        -19268.87375239,  -18554.58450256,  -19153.79013598,
        -19804.40664731,  -18640.7706368 ,  -18682.9594068 ,
        -29822.19401061,  -31546.69065158,  -29572.44408645,
        -28597.33785576,  -30470.69796357,  -36595.20089344,
        -33595.22096469,  -40467.46931614,  -27646.76450265,
       -126142.57642043])
llh_GD_RAY_Renorm_gammaeta: array([-37078.49692223, -37225.33411315, -42791.42593016, -46108.93940613,
       -39949.3410132 , -30512.50528051, -43709.92247623, -30458.6075511 ,
       -35523.24224115, -41887.84504859, -31776.04893804, -41902.36164692,
       -44419.18636142, -41079.2255341 , -31558.72025975, -37995.9070521 ,
       -40460.48516002, -29783.10926818, -40771.25333093, -41883.63755502,
       -20924.862439  , -18729.25916272, -18332.49155227, -22385.9620701 ,
       -19174.02857944, -19971.59997018, -19670.43670942, -20224.07589609,
       -18736.04440364, -20970.88738003, -29980.04537259, -38049.63178565,
       -34223.94589065, -30146.27018281, -38079.5958195 , -44285.17663529,
       -35394.94452812, -43144.91886917, -28232.85877108,            -inf])
