llh_GD_EXP: array([-10882.60886364,  -9034.13065799,  -9368.13175537,  -9111.88201749,
        -9229.67631473,  -9333.60274054,  -9205.64241243,  -9110.15235061,
        -9029.36164146,  -9147.85047947,  -8410.11560397,  -8488.81394915,
        -8747.78690064,  -9890.85387171,  -8605.77671875,  -8965.43701749,
        -8567.50211239,  -9028.35702602,  -8839.18338712,  -8498.26444452,
        -5934.48567548,  -5507.16787365,  -6306.56209634,  -6112.33491729,
        -6242.40610802,  -6637.15172889,  -6250.09169196,  -5622.01530513,
        -7430.96452996,  -6205.77116182,  -8854.74838935,  -8875.49225064,
        -9174.53493045,  -8883.85491183,  -8923.5663975 ,  -9229.93520331,
        -9026.42432105,  -8868.92561501,  -9304.81220303,  -8974.38204979])
llh_GD_EXP_Renorm_alpha: array([ -9313.12723803,  -9318.21041608,  -9388.45960973,  -9074.84271079,
                  -inf, -10445.10846185, -10920.16059312,  -9920.88573984,
       -11323.76517175, -10878.07538505, -11696.35558006,  -9136.27191849,
       -11217.22903768,  -9436.78474176, -10646.34986065, -10503.39533332,
        -9483.92576319,            -inf,  -9259.45119215, -11591.34403413,
        -6250.73683343,  -5797.68754055,  -6283.12067746,  -5438.00172485,
        -6597.57972583,  -5683.80793184,  -6244.98467985,  -5714.74600539,
        -6213.07020317,  -6077.19586982,  -9464.40762397,  -9743.25812972,
       -11800.95532642, -11015.25387702,  -9580.23578804, -11767.49511585,
       -10863.5130122 , -11124.75760806, -10214.64073225, -10896.24829457])
llh_GD_EXP_Renorm_beta: array([-12045.00609265, -14611.75781959,  -9863.82430931, -11275.66083331,
       -17911.52595127, -10897.70300842, -17841.45271618, -11107.84383749,
       -13014.09823381, -11883.75407866, -14348.44314238, -10622.02965191,
       -11921.91681267,  -9702.6609474 , -12208.36511024, -10911.46317839,
       -14019.81046795,            -inf,  -9584.83817422, -14255.20313382,
        -7662.10353684,  -8088.97609999,  -7021.63362333, -10169.96911728,
        -8684.66924543,  -7049.43426267,  -7342.80622427,  -6563.42192922,
       -17582.7265998 ,  -8572.19967158, -11401.28930259, -11092.35206735,
       -12349.74003218, -15044.00682394, -10788.11213534, -12062.83434939,
       -11954.38791799, -15501.53320714, -10435.15644241, -12095.28415992])
llh_GD_EXP_Renorm_alphabeta: array([-10203.71873782, -11486.77591284,  -9516.64587595,  -9769.71890969,
       -17911.52789987, -10543.60889991, -17841.4519096 , -10245.69472614,
       -11693.86528874, -11081.69649005, -12492.53345561,  -9577.20103836,
       -11272.06479268,  -9542.28448375, -11019.51286348, -10569.40656878,
       -11391.31647569,            -inf,  -9347.54076487, -12368.90823661,
        -6634.28798588,  -6430.52725507,  -6468.3812324 ,  -6846.19494576,
        -7170.59811289,  -6042.54916733,  -6533.01099914,  -5937.00245477,
       -10164.04339088,  -6773.97024323, -10053.26255419, -10115.25355686,
       -11790.78426763, -12482.98443527,  -9916.35847436, -11716.72119313,
       -11088.41388588, -12870.8665464 , -10261.69941723, -11144.94037383])
llh_GD_PWL: array([ -9074.99479376,  -9415.30235205,  -8964.33381322,  -9442.00592118,
       -15103.10623058,  -9515.27765002, -43626.95810986,  -9040.38455328,
        -9011.527868  ,  -9047.37494889,  -8454.21681314,  -8541.37552134,
        -9176.59506601,  -8635.32095068,  -8565.64459978, -10236.38722582,
       -62539.41506744,  -8629.38917798,  -8667.92109987, -46565.03135474,
        -6553.58646936,  -6014.4903996 ,  -6586.30905156, -27971.80651242,
        -9611.79565264,  -6558.46003839, -11174.48563412, -10874.7638552 ,
        -7253.58514121,  -6493.26622523,  -8900.4268109 ,  -8850.11151581,
        -8977.95079686,  -8966.95224668, -10506.51076843,  -8891.48338749,
        -8936.8576885 , -23859.04139526,  -9763.45186838, -28885.31361209])
llh_GD_PWL_Renorm_K: array([  -12107.74727474,   -10256.1808373 ,   -10799.35082967,
         -10678.99615668,   -70670.70186083,   -13544.48384711,
       -2864576.38352579,   -10345.66065077,   -10711.26740364,
         -12148.36442441,   -11400.15961208,   -10737.11223866,
         -11368.91424459,   -12722.45424315,   -10221.75781543,
         -13146.99457395,  -444052.48566526,    -9732.75316371,
          -9647.66641164, -6202476.94302183,   -11696.20625048,
          -6428.12918853,    -7116.73853712,   -13512.19969805,
         -54111.67425304,    -6488.20520776,   -18785.47920984,
         -13287.91858766,   -20413.41166596,    -6512.16524792,
          -9976.9975595 ,   -10253.73295765,              -inf,
         -10144.65397148,   -12725.24587117,   -15942.15009171,
         -11127.35349614,  -109765.11974579,   -15260.22700298,
         -51921.25438505])
llh_GD_PWL_Renorm_c: array([-13975.60816549, -10436.49380777, -12589.19970138, -11005.40427327,
       -16483.85124113, -12795.57376034, -48507.69397574, -12594.30131244,
       -14249.03896874, -11954.08508967, -12564.56381717, -11814.38462924,
       -11705.84753218, -12555.30432725, -11562.63301817, -10679.93901125,
       -73542.30334134, -10372.73622925, -10397.52942351, -57057.50164078,
        -8667.97083939,  -7287.85193198,  -8090.25297974, -15811.27359109,
       -13907.98880186, -11777.52139765, -14686.51477723, -11393.94069651,
       -13723.00108583,  -8840.18539685, -11130.93283896, -13881.08244485,
                  -inf, -11176.8759039 , -11564.58197543, -10618.36413845,
       -13054.35330583, -28011.57408859, -12026.82835243, -29853.12697439])
lllh_GD_PWL_Renorm_p: array([-10787.20149645,  -9510.3714713 ,  -9896.38188882,  -9471.36500783,
       -15433.01468562,  -9258.89970947, -36399.77392526,  -9536.72829466,
       -11582.0316244 ,  -9089.0177259 , -10163.76990292,  -8837.21611047,
        -8804.33902134,  -9362.15236388,  -9193.75254153, -10543.78608995,
       -60686.85333389,  -8760.49864083,  -8894.11869581, -41595.9461062 ,
        -6378.04876259,  -5870.98659697,  -6108.63246198, -16754.43324348,
        -6749.15572858,  -7087.91954371,  -6793.71380005,  -6537.98934247,
        -8282.80664006,  -6107.74233222,  -9105.4534521 , -11223.79420045,
                  -inf,  -9062.51935215, -10623.43876633,  -9113.59263045,
       -10069.48008554, -23738.4923622 ,  -9114.42151424, -28660.59811492])
llh_GD_PWL_Renorm_Kc: array([-10787.20149645,  -9510.3714713 ,  -9896.38188882,  -9471.36500783,
       -15433.01468562,  -9258.89970947, -36399.77392526,  -9536.72829466,
       -11582.0316244 ,  -9089.0177259 , -10163.76990292,  -8837.21611047,
        -8804.33902134,  -9362.15236388,  -9193.75254153, -10543.78608995,
       -60686.85333389,  -8760.49864083,  -8894.11869581, -41595.9461062 ,
        -6378.04876259,  -5870.98659697,  -6108.63246198, -16754.43324348,
        -6749.15572858,  -7087.91954371,  -6793.71380005,  -6537.98934247,
        -8282.80664006,  -6107.74233222,  -9105.4534521 , -11223.79420045,
                  -inf,  -9062.51935215, -10623.43876633,  -9113.59263045,
       -10069.48008554, -23738.4923622 ,  -9114.42151424, -28660.59811492,
       -54364.40176619])
llh_GD_PWL_Renorm_Kp: array([ -10252.76451654,   -9805.28715458,  -10094.37271932,
         -9856.21458482,  -35767.84707063,   -9941.11747979,
       -328397.69993575,   -9393.15170079,   -9540.32970664,
         -9869.39405414,  -10526.54473313,   -8879.29729286,
         -9255.71086236,   -8932.49609417,   -9477.11313173,
        -11920.71948092, -167021.08539182,   -9085.4246506 ,
         -9174.1179569 , -523696.56203446,   -9384.36377481,
         -6079.16380491,   -6341.52819613,  -14090.49612412,
        -17724.0084787 ,   -5621.17967099,   -8223.53467962,
         -7963.28387847,   -7062.70519932,   -6059.18423703,
         -9345.65312037,   -9372.03102934,             -inf,
         -9319.56572585,  -11406.86651755,  -12403.05877493,
        -10110.80251365,  -52845.3948458 ,  -11157.01132688,
        -38909.28285371])
llh_GD_QEXP: array([  7.36377410e+01,  -3.52449126e+03,  -9.59350971e+03,
        -6.78348059e+03,  -3.18664093e+03,  -4.31797453e+03,
        -1.31761510e+04,  -5.84443760e+03,  -2.84897445e+04,
         6.81669705e+03,  -1.17266568e+03,  -7.64231192e+03,
        -1.49397949e+03,   7.86186623e+03,  -1.87370174e+03,
         1.23066258e+04,  -5.36947745e+03,   1.58347341e+04,
        -7.82054131e+03,   4.69179695e+02,  -4.86687738e+04,
        -4.72608309e+03,   9.94279900e+04,  -8.00989425e+03,
        -2.14769680e+03,  -1.70461082e+03,  -1.02780277e+04,
         3.44006653e+03,  -9.51534928e+02,  -6.22969078e+02,
        -4.49316716e+02,   1.82990137e+04,  -1.54374734e+03,
         2.05082398e+04,  -4.18828635e+03,  -1.85319035e+03,
        -1.15710292e+04,   5.67793275e+02,  -1.40738479e+03,
        -4.36277549e+03])
llh_GD_QEXP_Renorm_a: array([-17383.23280135, -17029.55373026, -17101.90999795, -17241.78868787,
       -17369.98049673, -17363.84965767, -17302.99817073, -17413.85741705,
       -17209.14173555,  10714.21471591, -15274.41747413,    240.95587858,
       -15609.32406154,  10609.98912099, -15621.46518886,  11128.62840641,
       -15630.60639424,  17979.43478623, -15533.92245648, -15529.18086927,
       -32595.50847525, -32644.03015347,  87485.91264515, -32477.5027522 ,
       -31917.68102431, -32709.75576785, -31842.78055028, -32538.5323008 ,
       -32695.1005711 , -32362.79135911, -16714.03028282,  14289.3353401 ,
       -17050.92598231,  20904.41678112, -16951.67170139, -16679.08121263,
       -16968.20700689, -16767.18204806,   -917.5662529 , -16813.0306066 ])
lllh_GD_QEXP_Renorm_q: array([ -17383.23280135,  -17029.55373026,  -17101.90999795,
        -17241.78868787,  -17369.98049673,  -17363.84965767,
        -17302.99817073,  -17413.85741705,  -17209.14173555,
         12418.43130431,  -15274.41747413,  -11916.61623577,
        -15609.32406154,   11350.83561609,  -15621.46518886,
         19898.69289179,  -15630.60639424,   12562.6051629 ,
        -15533.92245648,  -15529.18086927,  -32595.50847525,
        -32644.03015347,  112424.99058533,  -32477.5027522 ,
        -31917.68102431,  -32709.75576785,  -31842.78055028,
        -32538.5323008 ,  -32695.1005711 ,  -32362.79135911,
        -16714.03028282,   31765.69062523,  -17050.92598231,
         20097.17575051,  -16951.67170139,  -16679.08121263,
        -16968.20700689,  -16767.18204806,    5922.04160955,
        -16813.0306066 ])
llh_GD_QEXP_Renorm_aq: array([ -17383.23280135,  -17029.55373026,  -17101.90999795,
        -17241.78868787,  -17369.98049673,  -17363.84965767,
        -17302.99817073,  -17413.85741705,  -17209.14173555,
         11562.22419815,  -15274.41747413,   -7192.89823056,
        -15609.32406154,   10980.0527056 ,  -15621.46518886,
         15548.02743758,  -15630.60639424,   15316.31542921,
        -15533.92245648,  -15529.18086927,  -32595.50847525,
        -32644.03015347,  100476.96206246,  -32477.5027522 ,
        -31917.68102431,  -32709.75576785,  -31842.78055028,
        -32538.5323008 ,  -32695.1005711 ,  -32362.79135911,
        -16714.03028282,   23552.88695527,  -17050.92598231,
         20501.99025849,  -16951.67170139,  -16679.08121263,
        -16968.20700689,  -16767.18204806,    2302.53272528,
        -16813.0306066 ])
llh_GD_RAY: array([ -9029.77169702,  -8921.33802424, -11042.38989822,  -9056.29764055,
        -9066.6569499 ,  -9028.5660295 ,  -9067.53445867,  -9071.12903689,
       -11042.40557345,  -8978.03442328,  -8436.14299102,  -8640.09705212,
        -8595.4966198 ,  -9363.14462405,  -8886.66237996,  -8872.77635923,
        -8766.84873021,  -8542.83805037,  -9944.13555664,  -8555.39576201,
        -5835.23006419,  -5298.46704528,  -5996.05094157,  -6816.52735061,
        -5942.92481019,  -5578.93091688,  -6066.4179667 ,  -5765.5083034 ,
        -5437.87997601,  -6308.46913772,  -9443.59912321,  -8813.20987074,
        -8924.99128064,  -8962.38754057,  -8877.95976368,  -8900.5120643 ,
        -9220.27904233,  -9441.89268023,  -9572.4961704 ,  -9041.27962549])
llh_GD_RAY_Renorm_gamma: array([-12275.37234673, -11536.21913608, -10992.04507462, -12387.60353923,
       -11798.99171115, -10056.25165769, -12352.21357677, -10302.77767406,
       -10221.42278601, -12355.37358475, -10379.20826601, -11350.91727691,
       -12351.97773026, -10851.98867325, -10032.68367308, -11610.84474372,
       -11501.45998497, -11630.19244755, -10998.73279838, -11847.71033391,
        -6355.77415284,  -5420.57545398,  -5987.43886885,  -6156.18487453,
        -6093.20423408,  -6069.45513723,  -6339.63235107,  -5965.93200475,
        -5347.81499437,  -7090.10358216,  -9641.89079912, -11611.70456138,
       -11323.82761064, -10025.91815986, -11983.4012885 , -12148.42197097,
       -10477.60123119, -11386.37408033,  -9461.93552861,            -inf])
llh_GD_RAY_Renorm_eta: array([ -9816.13716287,  -9888.90201928, -11193.30473467, -10687.3175282 ,
       -10281.22807316,  -9567.8863242 , -10503.11483594,  -9551.09191699,
       -10386.30024898, -10217.8594698 ,  -9107.5194763 , -10132.81126656,
       -10012.35203528, -10556.09898631,  -9470.12828095,  -9703.81347892,
       -10164.78185466,  -8783.63295382, -10378.50732663,  -9930.13226393,
        -6014.15670746,  -5268.23427726,  -6070.54491608,  -6091.29245274,
        -6162.24937847,  -5458.806914  ,  -6147.94957177,  -5880.15324534,
        -5344.78726136,  -6045.44157416,  -9632.43720721,  -9882.4548198 ,
        -9666.38289452,  -9507.02665572,  -9959.81342659, -10417.92217536,
       -10104.0417905 , -10879.37569379,  -9121.71604002, -17328.48631217])
llh_GD_RAY_Renorm_gammaeta: array([-10582.32375476, -10474.47899465, -11090.82456847, -11453.19992149,
       -10920.58922428,  -9761.91770902, -11287.0720349 ,  -9828.47597128,
       -10300.0985367 , -11061.95736475,  -9604.62990262, -10682.52972039,
       -10995.12169314, -10701.4387244 ,  -9723.42207349, -10505.54033917,
       -10760.23754451,  -9436.98198561, -10674.19108778, -10751.5168228 ,
        -6171.60713517,  -5304.19533275,  -6027.79820225,  -6123.49351307,
        -6123.67852006,  -5710.18490951,  -6219.3323571 ,  -5921.70968408,
        -5346.284851  ,  -6476.23377701,  -9637.14468559, -10525.25951401,
       -10285.96268184,  -9712.03005227, -10706.20646739, -11168.7172223 ,
       -10278.13023389, -11123.60981297,  -9253.10984494,            -inf])
