llh_GD_EXP: array([-32651.22544919, -27099.53706026, -28090.49445602, -27013.48715545,
       -27535.91291311, -27941.3503876 , -27619.76483077, -27027.9601988 ,
       -27262.53400473, -27531.13840782, -25321.48520896, -25889.81929609,
       -26092.34603659, -29803.5606456 , -25749.32611802, -26586.94010409,
       -25596.54252401, -27063.58070421, -26533.96059814, -25461.40435416,
       -17662.13382774, -17670.9216403 , -18486.87797291, -18756.6094844 ,
       -18558.86891903, -20421.27882054, -18031.60591094, -16943.88341519,
       -22765.24393353, -17797.24905931, -26420.32248759, -26731.56081639,
       -27501.73650693, -26541.71760276, -26768.68454405, -27758.04002653,
       -26962.26283112, -26789.61991306, -28130.66796633, -26800.55004433])
llh_GD_EXP_Renorm_alpha: array([-27935.77320826, -28335.83673581, -28571.23919517, -27060.06549463,
                  -inf, -33407.90465927,            -inf, -30533.07377039,
       -38854.52229285, -35138.0392889 , -42469.13754368, -28525.07419761,
       -38771.1111239 , -29545.1907399 , -35403.39023911, -34099.10631285,
       -29222.32115992,            -inf, -28485.40028503, -41155.33881961,
       -19870.71287925, -19934.78241871, -18476.30111282, -17293.75657346,
       -20631.08002294, -17754.8046643 , -18328.28440713, -17847.71065472,
       -19474.35786695, -18177.5143906 , -28818.66401277, -30544.55214369,
       -42000.47273151, -37228.62716659, -29652.26916334, -41674.19084159,
       -35968.83819298, -37626.7792386 , -33154.43576453, -36199.90272456])
llh_GD_EXP_Renorm_beta: array([-39066.97396097, -54129.63483117, -30425.00954656, -35493.55458792,
                  -inf, -35492.35256844,            -inf, -35527.07629105,
       -48373.78117573, -39066.14046582, -61232.55658918, -35242.95696595,
       -43313.48065466, -29968.30243623, -44096.47490469, -36249.37922549,
       -53320.53846492,            -inf, -29745.25232312, -58904.87931226,
       -25006.10995271, -28423.18728144, -21329.83612706, -35428.52787976,
       -30207.84825303, -22916.3227596 , -22576.66793281, -21009.42649952,
       -65451.33317658, -27784.26626191, -36888.98644645, -36654.89798888,
       -45611.71891934, -60094.40504535, -34767.38588875, -44001.82097835,
       -41645.48468756, -65083.92077446, -34124.42402966, -42524.5428417 ])
llh_GD_EXP_Renorm_alphabeta: array([-31360.92274176, -37422.09185037, -29071.91705096, -29586.86295251,
                  -inf, -33934.98836227,            -inf, -31942.72808911,
       -41505.76779831, -36151.56385063, -48885.6464899 , -30512.14630773,
       -39821.03764296, -29670.72726787, -37912.60276432, -34610.62532939,
       -37953.76369999,            -inf, -28821.27660653, -47037.49518478,
       -21241.48296437, -22257.86374285, -19227.42297792, -22544.58057163,
       -23275.49740896, -19143.31815025, -19463.35043667, -18682.92758826,
       -34155.27674747, -20832.74233085, -31226.95333812, -32301.52990997,
       -42680.57777495, -45226.36980703, -31109.86355983, -42028.73343025,
       -37464.20446406, -47730.68410602, -33382.97175343, -37884.18809285])
llh_GD_PWL: array([ -26999.98558532,  -28286.96809818,  -26929.99546178,
        -28023.87597245,  -45358.94962815,  -29690.74017485,
       -121238.94755222,  -26857.18665917,  -27156.39978641,
        -27246.45967039,  -25450.65706591,  -25989.70244258,
        -27317.76409209,  -25948.13609986,  -25626.63519524,
        -30411.89942916, -193428.82053996,  -25891.8470895 ,
        -25962.82072022, -147998.81757068,  -19736.86851435,
        -19102.47081616,  -19378.69773426,  -84329.7168371 ,
        -28625.36963338,  -20178.76704155,  -33117.12293761,
        -32686.45792632,  -22594.35906472,  -18836.83676117,
        -26550.57936669,  -26650.30914145,  -26737.13723731,
        -26821.6649921 ,  -39393.29396135,  -26755.87405367,
        -26736.31822509,  -71833.37647521,  -29500.68475375,
        -97500.67428524])
llh_GD_PWL_Renorm_K: array([  -41127.85390535,   -31934.0574306 ,   -34924.14432543,
         -33269.80646067,  -233230.19226759,   -39850.81365421,
       -5392189.0475664 ,   -31970.49454246,   -34591.56370408,
         -38007.87047328,   -40045.71497507,   -35119.12716621,
         -35557.94923643,   -40093.07480473,   -32627.66557803,
         -40674.52755429, -1503677.04559491,   -30024.75656456,
         -29728.81002681, -9649750.72280967,   -37440.33001664,
         -21193.78164038,   -22064.28166577,   -44844.5425766 ,
        -182508.69898354,   -21490.25259564,   -61693.20850289,
         -43998.10203651,   -67807.4880284 ,   -19521.3662661 ,
         -30947.69616657,   -32751.66405034,              -inf,
         -31558.04313305,   -42757.59280649,   -50953.91814178,
         -36541.97102242,  -553221.49541735,   -48585.52530802,
       -1080629.9656279 ])
llh_GD_PWL_Renorm_c: array([ -53623.05357363,  -33283.20411725,  -45290.1149868 ,
        -35460.35903611,  -49514.67262946,  -42938.63538215,
       -147707.54192857,  -44111.52409427,  -57162.54545928,
        -40411.14696882,  -48401.32782308,  -42689.96606532,
        -39049.3847434 ,  -44903.4457605 ,  -40402.88835879,
        -32517.96653756, -227138.78654328,  -33872.49533139,
        -33731.98711963, -182789.59681079,  -30234.52770548,
        -26161.7886037 ,  -27238.27478201,  -49642.49386223,
        -46277.13851114,  -46570.05154993,  -50633.20722347,
        -39435.32166234,  -53707.38228487,  -30518.58380616,
        -37171.30587781,  -55330.25604465,             -inf,
        -37387.96687765,  -38611.97739902,  -33757.61542536,
        -48348.65029651,  -86566.22663559,  -39054.3894431 ,
       -115266.9546215 ])
lllh_GD_PWL_Renorm_p: array([ -33322.86463273,  -28641.94602813,  -30309.71280776,
        -28173.042509  ,  -48796.38880893,  -27670.68028922,
       -110214.45244078,  -28449.28020031,  -37171.21624869,
        -27332.81366684,  -32218.20565373,  -27070.72067788,
        -26232.04442282,  -28632.3794652 ,  -27841.98640774,
        -32185.05373038, -193831.83761713,  -26316.91724005,
        -26718.86259025, -137043.52694549,  -19193.53573873,
        -18994.39943094,  -17756.8103445 ,  -49360.02973481,
        -19907.52100209,  -22191.3092725 ,  -19701.55425407,
        -19757.33407315,  -26872.68296476,  -17522.19471931,
        -27213.67390688,  -35761.02104117,             -inf,
        -27130.3185011 ,  -36124.09434904,  -27618.68041174,
        -30885.42509177,  -75412.8629261 ,  -27615.66168108,
       -103609.64017038])
llh_GD_PWL_Renorm_Kc: array([  -33322.86463273,   -28641.94602813,   -30309.71280776,
         -28173.042509  ,   -48796.38880893,   -27670.68028922,
        -110214.45244078,   -28449.28020031,   -37171.21624869,
         -27332.81366684,   -32218.20565373,   -27070.72067788,
         -26232.04442282,   -28632.3794652 ,   -27841.98640774,
         -32185.05373038,  -193831.83761713,   -26316.91724005,
         -26718.86259025,  -137043.52694549,   -19193.53573873,
         -18994.39943094,   -17756.8103445 ,   -49360.02973481,
         -19907.52100209,   -22191.3092725 ,   -19701.55425407,
         -19757.33407315,   -26872.68296476,   -17522.19471931,
         -27213.67390688,   -35761.02104117,              -inf,
         -27130.3185011 ,   -36124.09434904,   -27618.68041174,
         -30885.42509177,   -75412.8629261 ,   -27615.66168108,
        -103609.64017038, -1432171.83535814])
llh_GD_PWL_Renorm_Kp: array([  -31289.8179468 ,   -29847.85801525,   -31271.85704436,
         -29625.4799345 ,  -119606.65094469,   -29287.92911613,
        -815797.93324986,   -27995.54835493,   -28982.08282457,
         -30262.57412763,   -34216.06959708,   -27178.10854478,
         -27780.17186405,   -27137.31127877,   -29051.37472872,
         -36831.07794265,  -556354.35856736,   -27486.53915024,
         -27761.25037721, -1202826.48728686,   -30444.12102938,
         -19791.14641271,   -18632.35370688,   -44270.46973814,
         -61186.42155678,   -17398.67133799,   -25432.05572757,
         -25144.37543803,   -23531.58151085,   -17442.48614355,
         -28171.78612327,   -28447.24890667,              -inf,
         -28096.84259546,   -38461.14110634,   -39722.54254587,
         -31213.78438149,  -220090.6765717 ,   -35123.1939813 ,
        -365069.45104611])
llh_GD_QEXP: array([  2.16727577e+02,  -1.05675006e+04,  -2.89506161e+04,
        -1.65735321e+03,  -9.66595775e+03,  -1.29502730e+04,
        -3.94238981e+04,  -1.75885549e+04,  -8.64926138e+04,
         2.94055604e+04,  -3.78901984e+03,  -2.24946727e+04,
        -3.60779840e+03,   3.21675581e+04,  -5.58643436e+03,
         4.52193130e+04,  -1.54486309e+04,   4.09321369e+04,
        -2.39583523e+04,   1.22100816e+03,  -1.44210177e+05,
        -1.44042232e+04,   2.76436510e+05,  -2.40138540e+04,
        -6.56194218e+03,  -5.40515962e+03,  -3.15168430e+04,
         1.07343112e+04,  -3.35702975e+03,  -1.43595187e+03,
         2.11911898e+03,   5.53902631e+04,  -6.39002997e+03,
         4.53657531e+04,  -1.24225989e+04,  -5.61248155e+03,
        -3.45055713e+04,   1.74400113e+03,  -1.75120112e+03,
        -1.30943786e+04])
llh_GD_QEXP_Renorm_a: array([ -90416.83198221,  -89545.38232944,  -90553.60824444,
        -29976.40910326,  -90478.11892989,  -91762.0875062 ,
        -91116.25675596,  -90150.92506671,  -91575.83376472,
          5227.35718158,  -79054.374374  ,  -26596.03386791,
        -79567.87180544,    9962.98438396,  -80251.14615286,
         10832.88175453,  -80226.16055307,   22445.01832417,
        -80552.58161935,  -79896.71620705, -215623.56717139,
       -214709.21152786,  151831.54228955, -215871.90681671,
       -213100.18207251, -216927.58783234, -212867.53375405,
       -217563.46104151, -215511.78422649, -217496.66107337,
        -86577.21526115,   14225.41774293,  -88267.37321932,
         14454.98673523,  -88229.69974843,  -87995.0341159 ,
        -88668.11408058,  -89545.64793447,  -35055.39528648,
        -87477.20368618])
lllh_GD_QEXP_Renorm_q: array([ -90416.83198221,  -89545.38232944,  -90553.60824444,
         29229.56016369,  -90478.11892989,  -91762.0875062 ,
        -91116.25675596,  -90150.92506671,  -91575.83376472,
        105612.40695114,  -79054.374374  ,  -36663.94767638,
        -79567.87180544,   88926.30367162,  -80251.14615286,
        105438.0395818 ,  -80226.16055307,   73894.28142695,
        -80552.58161935,  -79896.71620705, -215623.56717139,
       -214709.21152786,  428086.01993972, -215871.90681671,
       -213100.18207251, -216927.58783234, -212867.53375405,
       -217563.46104151, -215511.78422649, -217496.66107337,
        -86577.21526115,  129387.67236901,  -88267.37321932,
        100833.77706674,  -88229.69974843,  -87995.0341159 ,
        -88668.11408058,  -89545.64793447,   64491.48630014,
        -87477.20368618])
llh_GD_QEXP_Renorm_aq: array([ -90416.83198221,  -89545.38232944,  -90553.60824444,
         -5044.53066142,  -90478.11892989,  -91762.0875062 ,
        -91116.25675596,  -90150.92506671,  -91575.83376472,
         60332.80856065,  -79054.374374  ,  -31843.79802907,
        -79567.87180544,   54424.49800387,  -80251.14615286,
         66748.68674472,  -80226.16055307,   50490.18617411,
        -80552.58161935,  -79896.71620705, -215623.56717139,
       -214709.21152786,  314936.96457437, -215871.90681671,
       -213100.18207251, -216927.58783234, -212867.53375405,
       -217563.46104151, -215511.78422649, -217496.66107337,
        -86577.21526115,   84155.75121889,  -88267.37321932,
         62969.56203309,  -88229.69974843,  -87995.0341159 ,
        -88668.11408058,  -89545.64793447,    2066.35089392,
        -87477.20368618])
llh_GD_RAY: array([-26890.0164438 , -26773.05977974, -33218.41471126, -26865.4295593 ,
       -27011.05476511, -27101.61117665, -27137.64237288, -26899.23575449,
       -33364.29520841, -27013.3462411 , -25443.86798049, -26380.81790874,
       -25778.68855625, -28088.85514271, -26561.56754889, -26280.6660388 ,
       -26124.05527507, -25597.72114831, -29873.62224651, -25628.48492109,
       -17302.14717422, -17079.63176878, -17323.82808179, -21049.5854552 ,
       -17648.0240392 , -17133.0883024 , -17785.58569896, -17459.62887476,
       -17492.50874401, -18148.18170759, -28131.89202281, -26546.6500081 ,
       -26622.79673587, -26766.65025342, -26602.02388738, -26792.09674542,
       -27590.20284906, -28401.91146869, -28761.44652926, -27065.18129439])
llh_GD_RAY_Renorm_gamma: array([-46099.34102001, -42065.51249784, -38521.33434462, -48070.23371699,
       -42864.96129572, -32116.43209578, -46295.56854536, -33135.37740805,
       -33634.43610205, -47216.43603851, -36138.08329473, -42873.38748529,
       -47276.08343173, -38647.57799847, -32814.10093386, -42397.25228518,
       -42124.9236417 , -43517.45843518, -39548.60582179, -45148.10248913,
       -21049.87975237, -18810.51535463, -18012.92708791, -21571.73084072,
       -18898.59469737, -20804.27731673, -19798.69163246, -19850.86701389,
       -18365.70613373, -23165.51837655, -29795.52168286, -43366.7533784 ,
       -40408.56233257, -32391.10342224, -46478.24673903, -46517.5896962 ,
       -35228.051484  , -41001.52359327, -29195.50195391,            -inf])
llh_GD_RAY_Renorm_eta: array([-29985.07514198, -30954.32586365, -39134.08523914, -35524.82272029,
       -32833.78545031, -29201.49683675, -34555.2174666 , -28775.23114133,
       -34294.58290768, -32724.14023242, -28042.03275294, -34170.98183579,
       -33684.62506935, -36229.51786488, -29299.93099394, -30694.25331428,
       -33021.34995158, -26361.58512948, -35111.73758213, -32541.96685856,
       -19202.15922501, -17938.91745329, -18353.77347477, -20780.09042049,
       -19091.51176812, -17907.85207142, -18754.57586842, -19133.8127656 ,
       -18223.43452552, -18104.48811273, -29555.14337338, -30970.33016031,
       -29421.39996517, -28529.15354448, -30148.96480048, -34585.56203967,
       -32527.86297751, -37357.71961551, -27628.0041606 , -87644.33511346])
llh_GD_RAY_Renorm_gammaeta: array([-34982.68752685, -34993.5440913 , -38824.96803571, -40933.9865913 ,
       -36858.55438893, -30259.91163921, -39437.24093828, -30151.59264042,
       -33956.75330351, -38289.27646602, -30889.67795325, -38055.53710349,
       -39652.59788716, -37401.02961989, -30762.33391996, -35332.40572014,
       -37012.52666867, -29388.47312544, -37199.06021658, -37868.07204115,
       -20027.74105453, -18232.03031177, -18172.5318359 , -21164.91634603,
       -18969.03205666, -19056.30850126, -19143.7618924 , -19471.94671148,
       -18289.87294408, -20026.52327266, -29672.68548175, -35571.08840348,
       -32971.38634617, -29855.32936843, -35568.46552832, -39679.90666486,
       -33768.90302257, -39101.79329443, -28192.98445697,            -inf])
