llh_GD_EXP: array([-32651.22544919, -27099.53706026, -28090.49445602, -27013.48715545,
       -27535.91291311, -27941.3503876 , -27619.76483077, -27027.9601988 ,
       -27262.53400473, -27531.13840782, -25321.48520896, -25889.81929609,
       -26092.34603659, -29803.5606456 , -25749.32611802, -26586.94010409,
       -25596.54252401, -27063.58070421, -26533.96059814, -25461.40435416,
       -17662.13382774, -17670.9216403 , -18486.87797291, -18756.6094844 ,
       -18558.86891903, -20421.27882054, -18031.60591094, -16943.88341519,
       -22765.24393353, -17797.24905931, -26420.32248759, -26731.56081639,
       -27501.73650693, -26541.71760276, -26768.68454405, -27758.04002653,
       -26962.26283112, -26789.61991306, -28130.66796633, -26800.55004433])
llh_GD_EXP_Renorm_alpha: array([-27689.09826185, -27943.49692002, -28130.88578497, -26987.83634936,
                  -inf, -31207.2097412 ,            -inf, -29406.0612762 ,
       -34192.06319487, -32149.05533605, -35372.91283902, -27817.54349817,
       -33610.71561147, -28460.81531829, -31864.60792851, -31084.11747978,
       -28236.58670667,            -inf, -27785.04260892, -34665.29304125,
       -18507.83264143, -18601.1808828 , -18374.60789628, -16931.58085358,
       -19411.25547254, -17625.34034753, -18004.84111751, -17283.50720827,
       -19406.25830366, -17281.55322843, -28163.95959172, -29316.42602355,
       -35543.76887566, -33072.48166557, -28785.70886944, -35290.40824623,
       -32368.6992268 , -33372.41588614, -30826.68552015, -32433.17597229])
llh_GD_EXP_Renorm_beta: array([-35723.16515887, -43826.65125231, -29565.54785695, -33380.17465594,
                  -inf, -32567.93355965,            -inf, -32852.1656906 ,
       -39360.57132575, -34489.6807706 , -43296.59372586, -32445.35937585,
       -35604.76012869, -29265.28018639, -36496.76462652, -32273.20452206,
       -41781.03653483,            -inf, -28756.97613955, -42651.62134804,
       -22671.92036003, -25319.40151965, -20549.94032719, -31039.02041843,
       -26946.19548582, -21657.77126631, -21373.3461271 , -19841.32037889,
       -52814.63221729, -24897.36535903, -33807.69011759, -33431.2561898 ,
       -37089.0383099 , -44850.02228564, -32376.88885146, -36217.49301712,
       -35611.70716576, -47099.899753  , -31507.27345804, -36006.14559506])
llh_GD_EXP_Renorm_alphabeta: array([-30305.62857217, -34448.71814452, -28516.59665831, -29001.46478047,
                  -inf, -31502.56727641,            -inf, -30341.77874038,
       -35336.42412037, -32626.43481835, -37726.22180523, -29195.683592  ,
       -33733.13738871, -28780.89404176, -32963.72048952, -31266.83274457,
       -33916.0667346 ,            -inf, -28045.62240317, -36990.57011841,
       -19634.71902121, -20455.23354515, -18910.11744854, -21120.88289755,
       -21510.44139637, -18680.51867071, -18888.49660707, -17954.96890794,
       -30999.71941297, -19408.43183976, -29876.68458633, -30457.58201522,
       -35483.59449415, -37329.4471668 , -29787.83912124, -35149.46088929,
       -33028.71350668, -38840.48257106, -30974.22939038, -33172.35202276])
llh_GD_PWL: array([ -26999.98558532,  -28286.96809818,  -26929.99546178,
        -28023.87597245,  -45358.94962815,  -29690.74017485,
       -121238.94755222,  -26857.18665917,  -27156.39978641,
        -27246.45967039,  -25450.65706591,  -25989.70244258,
        -27317.76409209,  -25948.13609986,  -25626.63519524,
        -30411.89942916, -193428.82053996,  -25891.8470895 ,
        -25962.82072022, -147998.81757068,  -19736.86851435,
        -19102.47081616,  -19378.69773426,  -84329.7168371 ,
        -28625.36963338,  -20178.76704155,  -33117.12293761,
        -32686.45792632,  -22594.35906472,  -18836.83676117,
        -26550.57936669,  -26650.30914145,  -26737.13723731,
        -26821.6649921 ,  -39393.29396135,  -26755.87405367,
        -26736.31822509,  -71833.37647521,  -29500.68475375,
        -97500.67428524])
llh_GD_PWL_Renorm_K: array([  -35834.78771643,   -30833.43972109,   -32317.36513716,
         -31750.49329116,  -213967.73733357,   -37857.42157765,
       -4946781.48126011,   -30611.65411944,   -32345.40568528,
         -36601.01745726,   -34395.27279215,   -32764.46365478,
         -33905.01382314,   -38373.95089288,   -30566.12075262,
         -38988.90590822, -1378728.28962419,   -29276.27595716,
         -28798.90140973, -8855968.5970419 ,   -34767.08312791,
         -20437.60148839,   -20688.09893655,   -41089.10422601,
        -165606.39638024,   -20080.23272037,   -56264.91604516,
         -40230.2525263 ,   -61962.17776643,   -18643.14566152,
         -29770.51257621,   -30895.12697447,              -inf,
         -30420.61761246,   -40900.43774978,   -48244.79323549,
         -33145.53565425,  -506859.01579368,   -46195.34438487,
        -990155.26505182])
llh_GD_PWL_Renorm_c: array([ -41292.69326913,  -31381.26967154,  -37698.81140529,
        -32697.84809719,  -49244.78024718,  -38117.92840976,
       -147819.29767168,  -37170.72096948,  -43132.4417825 ,
        -36045.90732602,  -37863.84307648,  -36095.60791072,
        -34851.92256309,  -37912.60192598,  -34545.00781815,
        -31600.30231289, -226037.47672915,  -31214.29619639,
        -30997.30113697, -182774.24756149,  -25688.46063027,
        -22928.09962363,  -23589.26883439,  -47976.46366228,
        -41515.62462239,  -35890.57029097,  -43659.2321518 ,
        -34515.90314008,  -42300.47357691,  -25719.56041753,
        -33202.58481488,  -41895.90279274,             -inf,
        -33511.39468994,  -37553.90759386,  -31854.33607949,
        -38885.72419613,  -86232.52160113,  -36294.28017856,
       -114989.24363771])
lllh_GD_PWL_Renorm_p: array([ -31514.50580682,  -28556.73619183,  -29530.03352924,
        -28120.54900623,  -49478.15355299,  -27558.99301987,
       -111383.46544257,  -27962.09505994,  -34105.10952012,
        -27217.87118928,  -30558.63159437,  -26651.62150689,
        -26176.50106732,  -27562.36862453,  -27389.29369046,
        -32029.58759682, -194706.93039171,  -26289.52801547,
        -26600.56907578, -138092.72403544,  -19557.21423401,
        -19084.1410056 ,  -17756.48347745,  -50985.37334379,
        -20236.12682587,  -20970.85722337,  -19809.08645785,
        -20250.45728654,  -24170.53862809,  -17482.66010737,
        -27063.41042409,  -33007.4118393 ,             -inf,
        -27043.42776233,  -35722.16466614,  -27854.55735198,
        -29842.96306079,  -76294.04271361,  -27793.811922  ,
       -104558.11771663])
llh_GD_PWL_Renorm_Kc: array([  -31514.50580682,   -28556.73619183,   -29530.03352924,
         -28120.54900623,   -49478.15355299,   -27558.99301987,
        -111383.46544257,   -27962.09505994,   -34105.10952012,
         -27217.87118928,   -30558.63159437,   -26651.62150689,
         -26176.50106732,   -27562.36862453,   -27389.29369046,
         -32029.58759682,  -194706.93039171,   -26289.52801547,
         -26600.56907578,  -138092.72403544,   -19557.21423401,
         -19084.1410056 ,   -17756.48347745,   -50985.37334379,
         -20236.12682587,   -20970.85722337,   -19809.08645785,
         -20250.45728654,   -24170.53862809,   -17482.66010737,
         -27063.41042409,   -33007.4118393 ,              -inf,
         -27043.42776233,   -35722.16466614,   -27854.55735198,
         -29842.96306079,   -76294.04271361,   -27793.811922  ,
        -104558.11771663, -1308137.32797905])
llh_GD_PWL_Renorm_Kp: array([  -30265.4662521 ,   -29459.3729274 ,   -30216.88322478,
         -29284.06180583,  -114234.30132155,   -29157.26009623,
        -781215.08358704,   -27775.12193433,   -28519.53616415,
         -30032.50336319,   -31751.71393059,   -26965.69107316,
         -27623.96705861,   -27075.26358174,   -28326.08516768,
         -35775.02141916,  -532297.13189471,   -27289.82361308,
         -27423.07257138, -1152031.61646739,   -29294.30150506,
         -19516.38008126,   -18410.83253982,   -42888.34474361,
         -59182.85966549,   -17407.06502325,   -25373.16811261,
         -24784.25466293,   -23647.3274763 ,   -17324.71514164,
         -27848.64529733,   -28013.06600216,              -inf,
         -27886.72929384,   -37523.13449808,   -38676.44386241,
         -30142.85978892,  -210429.43043708,   -34574.7640202 ,
        -348805.02497134])
llh_GD_QEXP: array([  2.16727577e+02,  -1.05675006e+04,  -2.89506161e+04,
        -1.65735321e+03,  -9.66595775e+03,  -1.29502730e+04,
        -3.94238981e+04,  -1.75885549e+04,  -8.64926138e+04,
         2.94055604e+04,  -3.78901984e+03,  -2.24946727e+04,
        -3.60779840e+03,   3.21675581e+04,  -5.58643436e+03,
         4.52193130e+04,  -1.54486309e+04,   4.09321369e+04,
        -2.39583523e+04,   1.22100816e+03,  -1.44210177e+05,
        -1.44042232e+04,   2.76436510e+05,  -2.40138540e+04,
        -6.56194218e+03,  -5.40515962e+03,  -3.15168430e+04,
         1.07343112e+04,  -3.35702975e+03,  -1.43595187e+03,
         2.11911898e+03,   5.53902631e+04,  -6.39002997e+03,
         4.53657531e+04,  -1.24225989e+04,  -5.61248155e+03,
        -3.45055713e+04,   1.74400113e+03,  -1.75120112e+03,
        -1.30943786e+04])
llh_GD_QEXP_Renorm_a: array([ -5.14978773e+04,  -5.10898277e+04,  -5.15614851e+04,
         5.24016082e+03,  -5.15259058e+04,  -5.21225346e+04,
        -5.18225910e+04,  -5.13738728e+04,  -5.20360560e+04,
         4.15623397e+04,  -4.60886694e+04,   4.42607356e+03,
        -4.63383171e+04,   4.06789073e+04,  -4.66690526e+04,
         4.19302075e+04,  -4.66573704e+04,   5.34870605e+04,
        -4.68152823e+04,  -4.64964351e+04,  -9.72414769e+04,
        -9.69989405e+04,   2.61988443e+05,  -9.73146558e+04,
        -9.65606060e+04,  -9.75987424e+04,  -9.64964668e+04,
        -9.77689983e+04,  -9.72161658e+04,  -9.77509773e+04,
        -4.96958906e+04,   4.89470003e+04,  -5.04925067e+04,
         4.91170092e+04,  -5.04747883e+04,  -5.03642873e+04,
        -5.06803940e+04,  -5.10878761e+04,  -4.53528927e+01,
        -5.01191755e+04])
lllh_GD_QEXP_Renorm_q: array([ -51497.87727352,  -51089.82769676,  -51561.48510271,
         -4165.91036187,  -51525.90584255,  -52122.5345932 ,
        -51822.59098103,  -51373.87277364,  -52036.0559877 ,
         47274.75441672,  -46088.66944557,  -35342.65358385,
        -46338.31707297,   43132.21324733,  -46669.05260659,
         70470.22397944,  -46657.37035826,   23031.05452546,
        -46815.282306  ,  -46496.43513079,  -97241.47694146,
        -96998.94054687,  314163.19712909,  -97314.6557925 ,
        -96560.60602037,  -97598.7424232 ,  -96496.46682046,
        -97768.99833112,  -97216.16578107,  -97750.97731835,
        -49695.89055174,   98775.8430786 ,  -50492.50673656,
         48623.93111342,  -50474.78829287,  -50364.287274  ,
        -50680.39397439,  -51087.87607654,   21651.59459444,
        -50119.1755493 ])
llh_GD_QEXP_Renorm_aq: array([ -51497.87727352,  -51089.82769676,  -51561.48510271,
           374.62832218,  -51525.90584255,  -52122.5345932 ,
        -51822.59098103,  -51373.87277364,  -52036.0559877 ,
         44405.4463392 ,  -46088.66944557,  -19899.90929533,
        -46338.31707297,   41904.62221675,  -46669.05260659,
         56355.72001823,  -46657.37035826,   38159.0326121 ,
        -46815.282306  ,  -46496.43513079,  -97241.47694146,
        -96998.94054687,  288450.01829039,  -97314.6557925 ,
        -96560.60602037,  -97598.7424232 ,  -96496.46682046,
        -97768.99833112,  -97216.16578107,  -97750.97731835,
        -49695.89055174,   74733.95049715,  -50492.50673656,
         48870.43684222,  -50474.78829287,  -50364.287274  ,
        -50680.39397439,  -51087.87607654,   10107.42680235,
        -50119.1755493 ])
llh_GD_RAY: array([-26890.0164438 , -26773.05977974, -33218.41471126, -26865.4295593 ,
       -27011.05476511, -27101.61117665, -27137.64237288, -26899.23575449,
       -33364.29520841, -27013.3462411 , -25443.86798049, -26380.81790874,
       -25778.68855625, -28088.85514271, -26561.56754889, -26280.6660388 ,
       -26124.05527507, -25597.72114831, -29873.62224651, -25628.48492109,
       -17302.14717422, -17079.63176878, -17323.82808179, -21049.5854552 ,
       -17648.0240392 , -17133.0883024 , -17785.58569896, -17459.62887476,
       -17492.50874401, -18148.18170759, -28131.89202281, -26546.6500081 ,
       -26622.79673587, -26766.65025342, -26602.02388738, -26792.09674542,
       -27590.20284906, -28401.91146869, -28761.44652926, -27065.18129439])
llh_GD_RAY_Renorm_gamma: array([-36517.37627868, -34568.60956083, -33047.55101334, -37323.14442018,
       -35068.3194527 , -30229.62066398, -36695.22758972, -30514.39686066,
       -30922.46050638, -37140.81900147, -31478.77618103, -34685.3143296 ,
       -36625.31586491, -32601.25515555, -29994.66413961, -34311.86508002,
       -34219.26392539, -34963.27254617, -33040.71519955, -35483.58109678,
       -18811.46944446, -17414.39994292, -17297.52110719, -19034.66708963,
       -18085.94564133, -18457.96697762, -18305.87825097, -18084.84198147,
       -17245.00920357, -20085.52920949, -28726.83326525, -35042.9376202 ,
       -33837.1046306 , -30143.73226474, -36499.65022422, -36537.67936309,
       -31447.1604004 , -34150.44986054, -28544.86874198,            -inf])
llh_GD_RAY_Renorm_eta: array([-29151.12307646, -29597.21795844, -33630.38598014, -31807.10452782,
       -30541.89574167, -28777.56035321, -31472.17363394, -28400.63194719,
       -31441.04355139, -30626.43292372, -27436.70173083, -30889.04434378,
       -30569.38201636, -31786.08059222, -28287.20923667, -29050.99334738,
       -30250.11296931, -26234.33381355, -31283.739651  , -29936.45712038,
       -17816.52305168, -16967.11110965, -17557.83635003, -18843.09380595,
       -18289.09243372, -16680.92010219, -17747.80572997, -17819.28749893,
       -17235.08193454, -16946.34198076, -28695.43849387, -29579.69593136,
       -28772.19799559, -28142.10133282, -29159.45013477, -31325.72807602,
       -30402.25902554, -32803.99128389, -27488.58104343, -51650.93378964])
llh_GD_RAY_Renorm_gammaeta: array([-31547.01208673, -31437.87982245, -33333.98615126, -34205.65995694,
       -32388.67056536, -29374.41981976, -33653.92165991, -29171.05641184,
       -31172.30946043, -33173.70432915, -29002.16864366, -32636.58670678,
       -33283.65499789, -32185.59606284, -29041.1672833 , -31255.06034249,
       -32046.43051407, -28275.94642241, -32120.73039127, -32349.54215343,
       -18274.57611034, -17109.66038878, -17423.47344821, -18938.14314894,
       -18175.68151491, -17410.2104121 , -17954.36453413, -17948.18196343,
       -17239.99579851, -18218.18978734, -28711.07437365, -31688.42024607,
       -30556.99420836, -28924.43108508, -31699.40235587, -33536.13099972,
       -30893.95831287, -33451.30159998, -27906.83071114,            -inf])
