llh_GD_EXP: array([-1087.92568018,  -908.05850534,  -934.02630805,  -896.24988349,
        -908.52495383,  -929.09688985,  -921.45506806,  -907.43973619,
        -898.41090534,  -942.35809309,  -830.13303188,  -879.23773768,
        -862.47168816,  -983.85881655,  -831.55658049,  -865.33806181,
        -836.4198889 ,  -900.7490676 ,  -891.91326102,  -858.43847995,
        -538.6613155 ,  -392.61058913,  -614.33502376,  -593.47779591,
        -715.6874606 ,  -732.39141224,  -615.21457093,  -438.36780434,
        -791.90730091,  -637.51804854,  -898.42781718,  -865.23002997,
        -922.1368169 ,  -879.75468886,  -921.21470499,  -930.91021247,
        -894.78602828,  -897.26506759,  -932.95418296,  -914.27540267])
llh_GD_EXP_Renorm_alpha: array([ -924.45950318,  -948.58749244,  -952.22294184,  -899.58822436,
                 -inf, -1117.74581653,           -inf, -1029.13315837,
       -1279.13767191, -1182.41281353, -1417.37858662,  -957.55256484,
       -1272.35544009,  -976.53593447, -1186.48960533, -1131.55633636,
        -962.66367746,           -inf,  -957.18712579, -1368.82690213,
        -617.84270768,  -468.88724857,  -623.69593437,  -519.68304412,
        -811.32738755,  -653.15369118,  -634.74270556,  -468.16355726,
        -710.3758461 ,  -636.15773537,  -976.1615237 , -1022.55537667,
       -1453.69417839, -1174.40665417, -1024.51312795, -1383.57628284,
       -1197.70152387, -1274.12650087,           -inf, -1199.65023574])
llh_GD_EXP_Renorm_beta: array([-1291.73091714, -1115.27931634, -1014.9732037 , -1183.04377892,
                 -inf, -1188.17694473,           -inf, -1196.72256352,
       -1585.24661976, -1328.90148595, -1992.76029331, -1195.85585963,
       -1422.6324697 ,  -990.39429201, -1453.2200954 , -1213.22839513,
       -1727.42376629,           -inf, -1001.15580301, -1990.7830218 ,
        -794.68608122,  -598.72447809,  -760.70208214, -1130.75459531,
       -1020.11419385,  -819.83912715,  -783.12858981,  -534.46314945,
       -2173.85077785, -1269.82180737, -1232.29864345, -1218.74087884,
       -1618.87931165, -1510.31759172, -1205.08292115, -1466.28685875,
       -1384.20282152, -2199.54820072,           -inf, -1442.29099657])
llh_GD_EXP_Renorm_alphabeta: array([-1039.91665538,  -996.56605661,  -969.31673818,  -985.57059718,
                 -inf, -1136.12907044,           -inf, -1076.5277683 ,
       -1363.56560931, -1221.05760679, -1610.04718913, -1028.42700998,
       -1306.97230072,  -980.65819313, -1262.34298726, -1151.39171258,
       -1239.93406199,           -inf,  -968.95274188, -1574.73861988,
        -665.80441272,  -503.46693006,  -661.76725463,  -699.20749049,
        -867.79708441,  -699.18139846,  -674.90377134,  -486.22308208,
       -1180.20439774,  -820.70539884, -1052.30035696, -1079.2186396 ,
       -1488.47249254, -1273.71920843, -1076.41749471, -1396.92597909,
       -1247.22081085, -1616.1645462 ,           -inf, -1265.75176848])
max_EXP_Renorm: array([ -924.45950318,  -948.58749244,  -952.22294184,  -899.58822436,
                 -inf, -1117.74581653,           -inf, -1029.13315837,
       -1279.13767191, -1182.41281353, -1417.37858662,  -957.55256484,
       -1272.35544009,  -976.53593447, -1186.48960533, -1131.55633636,
        -962.66367746,           -inf,  -957.18712579, -1368.82690213,
        -617.84270768,  -468.88724857,  -623.69593437,  -519.68304412,
        -811.32738755,  -653.15369118,  -634.74270556,  -468.16355726,
        -710.3758461 ,  -636.15773537,  -976.1615237 , -1022.55537667,
       -1453.69417839, -1174.40665417, -1024.51312795, -1383.57628284,
       -1197.70152387, -1274.12650087,           -inf, -1199.65023574])
llh_GD_PWL: array([ -892.08161917,  -939.45044061,  -895.44465048,  -899.67702823,
       -1385.98751231, -1008.14536314, -3479.68402653,  -899.51661699,
        -897.35838249,  -932.13085869,  -835.2522091 ,  -879.35385627,
        -902.42904949,  -850.71721646,  -826.68186797,  -867.24419206,
       -5425.42118173,  -835.97703266,  -871.99170041, -4331.79557031,
        -591.90311233,  -461.03242028,  -646.34244356, -2717.29304858,
        -897.25508824,  -732.07425486, -1124.97771067,  -985.41340651,
        -968.17315309,  -670.71283784,  -899.91670848,  -849.37933097,
        -898.40956635,  -889.03297341, -1027.63164426,  -895.31669978,
        -884.88524379, -2207.48194298, -1040.83863107, -3793.90113625])
llh_GD_PWL_Renorm_K: array([  -1371.25602882,   -1052.52249016,   -1151.73869379,
         -1141.606517  ,   -3614.38858325,   -1854.90376003,
       -127632.51778083,   -1083.95513122,   -1137.10885125,
         -1308.44769735,   -1323.98826382,   -1172.51096093,
         -1174.76104897,   -1306.59267201,   -1066.1055498 ,
         -1217.04941162,  -41248.71673213,    -970.77577575,
          -990.69402645, -127600.66495467,   -1898.90742123,
          -514.91867171,    -773.27525763,   -1396.86690967,
         -5124.74669966,    -788.73783465,   -2133.8212401 ,
         -1363.5298043 ,  -12682.8567046 ,    -673.69097454,
         -1050.44740795,   -1086.52587732,             -inf,
         -1056.98824229,   -1593.12485598,   -1679.53519354,
         -1214.64941948,   -6342.11054407,   -1751.87742444,
         -3990.23671688])
llh_GD_PWL_Renorm_c: array([-1776.25502954, -1096.00140099, -1337.07660422, -1867.86091138,
       -1534.54520078, -1314.37769165, -3546.49830867, -1493.68345817,
       -1865.69289115, -1394.141399  , -1594.62849542, -1433.36666205,
       -1288.72545743, -1458.61927241, -1328.32410351, -1064.36868206,
       -6529.37134264, -1091.90424853, -1122.8345524 , -4538.51957552,
        -734.03059786,  -692.67283538,  -955.46443497, -1554.29950816,
       -1739.8118554 , -1608.27486669, -1768.88430743, -1191.19714764,
       -1344.34610995, -1019.72112585, -1259.41742537, -1781.56116532,
                 -inf, -1252.18260259, -1311.15964287, -1150.37724049,
       -1597.94042499, -2541.51747603, -1421.25133157, -3539.37010593])
lllh_GD_PWL_Renorm_p: array([-1207.94947052,  -955.91135462, -1026.98649012, -1349.74369915,
       -1243.00454918,  -936.37796487, -2830.95572538, -1027.80364432,
       -1388.08871122,  -990.9995675 , -1094.32617555,  -977.9222898 ,
        -903.33600323, -1051.86803442,  -930.43745825,  -895.38013368,
       -4836.40762445,  -863.27794393,  -909.6287395 , -3752.00157089,
        -587.50370691,  -429.80324916,  -624.86232108, -1527.63932794,
       -1124.24859145,  -990.53008245,  -757.65413541,  -495.73027987,
        -799.86775956,  -650.33868321,  -952.69468336, -1274.00397456,
                 -inf,  -926.94957833,  -956.81765101,  -911.00613598,
       -1085.5108455 , -1803.25909654,  -976.3278101 , -3115.35463623])
llh_GD_PWL_Renorm_Kc: array([-1207.94947052,  -955.91135462, -1026.98649012, -1349.74369915,
       -1243.00454918,  -936.37796487, -2830.95572538, -1027.80364432,
       -1388.08871122,  -990.9995675 , -1094.32617555,  -977.9222898 ,
        -903.33600323, -1051.86803442,  -930.43745825,  -895.38013368,
       -4836.40762445,  -863.27794393,  -909.6287395 , -3752.00157089,
        -587.50370691,  -429.80324916,  -624.86232108, -1527.63932794,
       -1124.24859145,  -990.53008245,  -757.65413541,  -495.73027987,
        -799.86775956,  -650.33868321,  -952.69468336, -1274.00397456,
                 -inf,  -926.94957833,  -956.81765101,  -911.00613598,
       -1085.5108455 , -1803.25909654,  -976.3278101 , -3115.35463623,
       -4047.45911412])
llh_GD_PWL_Renorm_Kp: array([ -1080.0755587 ,   -990.43766358,  -1063.84119361,   -993.85572744,
        -2126.17679956,  -1173.57082543, -18892.86401912,   -963.000399  ,
        -1010.2728682 ,   -998.21643951,  -1135.99091599,   -937.4643793 ,
         -923.7544026 ,   -887.19112817,   -949.17153665,  -1039.52015904,
       -14046.10676955,   -892.58948327,   -933.41400628, -21870.29977599,
        -1145.29777935,   -450.413098  ,   -654.2214918 ,  -1370.01798383,
        -1044.72989719,   -674.03602545,   -758.56695441,   -602.30200819,
        -2273.03222509,   -620.62118487,   -967.59282822,   -963.04714634,
                  -inf,   -945.68995427,  -1146.28367518,  -1160.2230817 ,
        -1051.53436791,  -3242.45289674,  -1144.6579635 ,  -3402.41757566])
max_PWL_Renorm: array([-1080.0755587 ,  -955.91135462, -1026.98649012,  -993.85572744,
       -1243.00454918,  -936.37796487, -2830.95572538,  -963.000399  ,
       -1010.2728682 ,  -990.9995675 , -1094.32617555,  -937.4643793 ,
        -903.33600323,  -887.19112817,  -930.43745825,  -895.38013368,
       -4836.40762445,  -863.27794393,  -909.6287395 , -3752.00157089,
        -587.50370691,  -429.80324916,  -624.86232108, -1370.01798383,
       -1044.72989719,  -674.03602545,  -757.65413541,  -495.73027987,
        -799.86775956,  -620.62118487,  -952.69468336,  -963.04714634,
                 -inf,  -926.94957833,  -956.81765101,  -911.00613598,
       -1051.53436791, -1803.25909654,  -976.3278101 , -3115.35463623])
llh_GD_QEXP: array([ -6.89483953e-02,  -3.53611438e+02,  -9.72761525e+02,
        -4.03687079e+02,  -3.21868470e+02,  -4.21936613e+02,
        -1.28357912e+03,  -6.10900525e+02,  -2.81793353e+03,
        -6.32460945e+02,  -1.77050760e+02,  -8.70891078e+02,
        -3.57436526e+02,  -1.54513534e+02,  -2.12281040e+02,
         1.07489673e+03,  -5.14223673e+02,   6.32599371e+02,
        -8.28235931e+02,  -2.66871067e+01,  -4.89685815e+03,
        -4.34972498e+02,   7.13924677e+03,  -8.02078442e+02,
        -2.55698733e+02,  -2.00725872e+02,  -1.08809221e+03,
         4.25122528e+02,  -1.51585265e+02,  -1.09384101e+02,
        -7.53822208e+01,  -5.38574103e-01,  -1.28085760e+02,
         9.98202615e+02,  -3.87487005e+02,  -1.93268306e+02,
        -1.13077811e+03,   5.88204473e+01,  -1.77250617e+02,
        -4.32868354e+02])
llh_GD_QEXP_Renorm_a: array([-2950.99893251, -3111.32215714, -3042.19720555, -1366.99185893,
       -3010.53043578, -3029.33839671, -2978.93242867, -3021.7138092 ,
       -2996.4327247 , -3239.09839895, -2545.729798  , -2798.61541653,
       -2633.66194907, -1098.11038919, -2504.41794483,  -149.43612608,
       -2584.76501702,  -141.90164039, -2786.56926421, -2735.13768033,
       -7288.35790141, -7845.53450778,  2084.97641089, -7190.72107727,
       -6304.16060972, -6934.5911219 , -7284.72698958, -7690.80532153,
       -6923.03498869, -6887.90536049, -3000.51224219, -2661.57328379,
       -3004.56289283,   -85.19015283, -3054.33928577, -3012.58394721,
       -2908.85518316, -3013.35159087, -3233.18820445, -3172.66842681])
lllh_GD_QEXP_Renorm_q: array([-2950.99893251, -3111.32215714, -3042.19720555,   120.7227977 ,
       -3010.53043578, -3029.33839671, -2978.93242867, -3021.7138092 ,
       -2996.4327247 , -3239.09839895, -2545.729798  , -2798.61541653,
       -2633.66194907,  1286.45138733, -2504.41794483,  1798.49575244,
       -2584.76501702,  1174.24876578, -2786.56926421, -2735.13768033,
       -7288.35790141, -7845.53450778,  9670.60075327, -7190.72107727,
       -6304.16060972, -6934.5911219 , -7284.72698958, -7690.80532153,
       -6923.03498869, -6887.90536049, -3000.51224219, -2661.57328379,
       -3004.56289283,  1697.77964351, -3054.33928577, -3012.58394721,
       -2908.85518316, -3013.35159087, -3233.18820445, -3172.66842681])
llh_GD_QEXP_Renorm_aq: array([-2950.99893251, -3111.32215714, -3042.19720555,  -711.56663886,
       -3010.53043578, -3029.33839671, -2978.93242867, -3021.7138092 ,
       -2996.4327247 , -3239.09839895, -2545.729798  , -2798.61541653,
       -2633.66194907,    31.56624387, -2504.41794483,   958.62925275,
       -2584.76501702,   575.68645509, -2786.56926421, -2735.13768033,
       -7288.35790141, -7845.53450778,  6393.0806942 , -7190.72107727,
       -6304.16060972, -6934.5911219 , -7284.72698958, -7690.80532153,
       -6923.03498869, -6887.90536049, -3000.51224219, -2661.57328379,
       -3004.56289283,   903.70741625, -3054.33928577, -3012.58394721,
       -2908.85518316, -3013.35159087, -3233.18820445, -3172.66842681])
max_QEXP_Renorm: array([-2950.99893251, -3111.32215714, -3042.19720555,   120.7227977 ,
       -3010.53043578, -3029.33839671, -2978.93242867, -3021.7138092 ,
       -2996.4327247 , -3239.09839895, -2545.729798  , -2798.61541653,
       -2633.66194907,  1286.45138733, -2504.41794483,  1798.49575244,
       -2584.76501702,  1174.24876578, -2786.56926421, -2735.13768033,
       -7288.35790141, -7845.53450778,  9670.60075327, -7190.72107727,
       -6304.16060972, -6934.5911219 , -7284.72698958, -7690.80532153,
       -6923.03498869, -6887.90536049, -3000.51224219, -2661.57328379,
       -3004.56289283,  1697.77964351, -3054.33928577, -3012.58394721,
       -2908.85518316, -3013.35159087, -3233.18820445, -3172.66842681])
llh_GD_RAY: array([ -889.45665185,  -898.0591013 , -1110.28674152,  -897.77573717,
        -895.29326755,  -902.70140168,  -897.1935733 ,  -900.71191347,
       -1118.28417833,  -926.96784039,  -833.65249218,  -899.72112595,
        -849.88960338,  -927.08543754,  -845.44738813,  -850.4903367 ,
        -846.12713121,  -829.20319407, -1031.49355811,  -861.53530616,
        -529.53652528,  -371.08146812,  -596.56447285,  -662.17966489,
        -678.89959046,  -637.2981546 ,  -601.41767564,  -462.5554796 ,
        -653.65455034,  -643.69710223,  -961.6896659 ,  -851.78492051,
        -894.35981102,  -879.03896496,  -910.53983142,  -894.96042864,
        -916.02075579,  -960.9545619 ,  -946.25718321,  -922.04287148])
llh_GD_RAY_Renorm_gamma: array([-1571.00192474, -1319.97187769, -1297.5369791 , -1625.07165854,
       -1412.14520109, -1071.76247743, -1522.03871088, -1102.26335475,
       -1131.54925486, -1584.72221561, -1205.53454449, -1404.73093901,
       -1552.8717418 , -1294.62625261, -1044.58332621, -1400.8058623 ,
       -1353.38907986, -1386.83771256, -1330.98058209, -1491.89679765,
        -657.67566215,  -440.06983868,  -614.32231951,  -684.10697179,
        -731.44372838,  -767.40443374,  -681.35395463,  -525.81245069,
        -687.7739873 ,  -770.79268314, -1018.89685742, -1475.74798489,
       -1341.13527133, -1066.13939165, -1666.3551167 , -1522.91448162,
       -1170.11723821, -1385.57575237,           -inf,           -inf])
llh_GD_RAY_Renorm_eta: array([ -982.9887013 , -1061.2378144 , -1316.2108428 , -1159.83946601,
       -1074.31235166,  -970.75277726, -1141.02140108,  -966.65428264,
       -1153.16685745, -1102.21154178,  -927.15807673, -1161.37106718,
       -1102.65153777, -1216.89106042,  -940.63695384, -1008.94460187,
       -1092.82637725,  -956.12419973, -1251.63036521, -1100.67785112,
        -590.35982011,  -418.85869306,  -623.32904736,  -656.37538775,
        -735.76470615,  -667.97595822,  -646.80974731,  -515.78698328,
        -682.2761051 ,  -623.61805387, -1010.8410985 ,  -998.13620046,
        -967.62449247,  -932.35819388,  -959.31252427, -1125.75504548,
       -1074.1977198 , -1248.58004803,           -inf, -3178.84665747])
llh_GD_RAY_Renorm_gammaeta: array([-1156.25063532, -1163.65205138, -1306.79829168, -1353.33965169,
       -1208.38687072, -1008.10097562, -1302.94199422, -1018.12468385,
       -1142.17549175, -1271.38723181, -1014.55590846, -1275.21879347,
       -1291.47170156, -1254.20352276,  -983.58077851, -1160.48932301,
       -1204.158839  , -1111.84723632, -1290.44448572, -1262.64242229,
        -619.23041765,  -426.45315302,  -618.51008919,  -669.86508531,
        -732.60174114,  -708.1529541 ,  -659.72194111,  -520.66477826,
        -684.87728516,  -675.42947465, -1014.77264208, -1168.92141195,
       -1084.46948598,  -973.81032031, -1100.92083499, -1291.73265177,
       -1117.61737526, -1312.23658858,           -inf,           -inf])
max_RAY_Renorm: array([ -982.9887013 , -1061.2378144 , -1297.5369791 , -1159.83946601,
       -1074.31235166,  -970.75277726, -1141.02140108,  -966.65428264,
       -1131.54925486, -1102.21154178,  -927.15807673, -1161.37106718,
       -1102.65153777, -1216.89106042,  -940.63695384, -1008.94460187,
       -1092.82637725,  -956.12419973, -1251.63036521, -1100.67785112,
        -590.35982011,  -418.85869306,  -614.32231951,  -656.37538775,
        -731.44372838,  -667.97595822,  -646.80974731,  -515.78698328,
        -682.2761051 ,  -623.61805387, -1010.8410985 ,  -998.13620046,
        -967.62449247,  -932.35819388,  -959.31252427, -1125.75504548,
       -1074.1977198 , -1248.58004803,           -inf, -3178.84665747])
