llh_GD_EXP: array([-10882.60886364,  -9034.13065799,  -9368.13175537,  -9111.88201749,
        -9229.67631473,  -9333.60274054,  -9205.64241243,  -9110.15235061,
        -9029.36164146,  -9147.85047947,  -8410.11560397,  -8488.81394915,
        -8747.78690064,  -9890.85387171,  -8605.77671875,  -8965.43701749,
        -8567.50211239,  -9028.35702602,  -8839.18338712,  -8498.26444452,
        -5934.48567548,  -5507.16787365,  -6306.56209634,  -6112.33491729,
        -6242.40610802,  -6637.15172889,  -6250.09169196,  -5622.01530513,
        -7430.96452996,  -6205.77116182,  -8854.74838935,  -8875.49225064,
        -9174.53493045,  -8883.85491183,  -8923.5663975 ,  -9229.93520331,
        -9026.42432105,  -8868.92561501,  -9304.81220303,  -8974.38204979])
llh_GD_EXP_Renorm_alpha: array([ -9396.09317053,  -9450.71394406,  -9535.53863647,  -9101.31083484,
                  -inf, -11180.67711339, -12056.79348887, -10287.10473721,
       -12886.51689472, -12037.87317096, -14042.73411933,  -9381.76446077,
       -12933.88394247,  -9807.85765226, -11825.37424859, -11481.25372913,
        -9805.86863678,            -inf,  -9494.77185469, -13751.27370391,
        -6694.19607801,  -6246.34823327,  -6319.84049705,  -5559.96496481,
        -7057.69495417,  -5729.57464254,  -6355.55476454,  -5907.4427396 ,
        -6238.61286786,  -6376.57633968,  -9691.70531241, -10160.93105934,
       -13951.03346191, -12379.43081679,  -9871.78814374, -13883.75355048,
       -12045.28685165, -12471.19540283, -10999.5315361 , -12147.36523463])
llh_GD_EXP_Renorm_beta: array([-13179.79784819, -18047.68998424, -10150.02889762, -12005.04456641,
       -30636.97147351, -11877.59627447, -30494.26685555, -12002.11020518,
       -16004.51840629, -13793.9391574 , -20251.17589965, -11544.88599963,
       -14479.7511547 ,  -9949.57961753, -14745.16875577, -12221.90750326,
       -17910.39612438,            -inf,  -9912.62595975, -19696.35267243,
        -8429.66683298,  -9137.89902779,  -7285.56248305, -11627.68120236,
        -9701.14762589,  -7473.97236421,  -7742.90370265,  -6956.08830067,
       -21892.22028722,  -9532.86264313, -12472.95551438, -12174.78476236,
       -15193.1207971 , -20138.12266942, -11597.11138642, -14655.2868061 ,
       -13966.78897001, -21371.75852156, -11316.76424889, -14287.32748809])
llh_GD_EXP_Renorm_alphabeta: array([-10560.81568314, -12479.33207302,  -9701.85666743,  -9973.57670768,
       -30636.99251335, -11357.72720325, -30494.25814089, -10772.66283066,
       -13750.6138354 , -12499.07895611, -16159.93421263, -10021.25084149,
       -13292.07048779,  -9849.99775693, -12668.43441233, -11661.07370809,
       -12744.45320917,            -inf,  -9606.4013345 , -15725.97375556,
        -7157.87839099,  -7038.05947995,  -6577.16875502,  -7319.04781181,
        -7779.6375571 ,  -6199.69053232,  -6726.83040974,  -6184.10997475,
       -11246.01974019,  -7249.59285617, -10523.47384645, -10740.15490923,
       -14188.95040697, -15094.46271287, -10363.73658697, -14002.63784178,
       -12555.49708311, -15754.18170482, -11073.99259088, -12720.28052954])
llh_GD_PWL: array([ -9074.99479376,  -9415.30235205,  -8964.33381322,  -9442.00592118,
       -15103.10623058,  -9515.27765002, -43626.95810986,  -9040.38455328,
        -9011.527868  ,  -9047.37494889,  -8454.21681314,  -8541.37552134,
        -9176.59506601,  -8635.32095068,  -8565.64459978, -10236.38722582,
       -62539.41506744,  -8629.38917798,  -8667.92109987, -46565.03135474,
        -6553.58646936,  -6014.4903996 ,  -6586.30905156, -27971.80651242,
        -9611.79565264,  -6558.46003839, -11174.48563412, -10874.7638552 ,
        -7253.58514121,  -6493.26622523,  -8900.4268109 ,  -8850.11151581,
        -8977.95079686,  -8966.95224668, -10506.51076843,  -8891.48338749,
        -8936.8576885 , -23859.04139526,  -9763.45186838, -28885.31361209])
llh_GD_PWL_Renorm_K: array([ -1.38824296e+04,  -1.06230441e+04,  -1.16711766e+04,
        -1.11868231e+04,  -7.70295682e+04,  -1.41694418e+04,
        -3.12171263e+06,  -1.08055003e+04,  -1.14595840e+04,
        -1.26185390e+04,  -1.32653284e+04,  -1.15132914e+04,
        -1.19213049e+04,  -1.32974212e+04,  -1.09114804e+04,
        -1.37162014e+04,  -4.84293276e+05,  -9.98120810e+03,
        -9.96326649e+03,  -6.75706980e+06,  -1.25942864e+04,
        -6.68469945e+03,  -7.57899478e+03,  -1.47650799e+04,
        -5.96118527e+04,  -6.96813561e+03,  -2.05712518e+04,
        -1.45319565e+04,  -2.23922165e+04,  -6.81469378e+03,
        -1.03701351e+04,  -1.08715728e+04,             -inf,
        -1.05224128e+04,  -1.32642953e+04,  -1.68311782e+04,
        -1.22734291e+04,  -1.19692978e+05,  -1.60494497e+04,
        -5.63638276e+04])
llh_GD_PWL_Renorm_c: array([-18150.59087503, -11069.17559741, -15123.8933225 , -11931.53767511,
       -16588.23453418, -14472.87984081, -48311.32524006, -14961.17768762,
       -18880.80894035, -13411.89309347, -16038.02171761, -13964.94269035,
       -13108.34736697, -14879.81231998, -13523.86281261, -10996.59451965,
       -73918.5400223 , -11253.08533046, -11319.31133488, -56968.66157393,
       -10196.32474166,  -8382.81138981,  -9316.65219051, -16366.84503633,
       -15506.31345709, -15373.26563948, -16995.92855623, -13010.24830458,
       -17551.24198142, -10448.03119756, -12459.48848804, -18323.7629994 ,
                  -inf, -12465.22338517, -12015.21966749, -11261.3993639 ,
       -16251.56482336, -28202.97574317, -12952.1742559 , -30212.69910741])
lllh_GD_PWL_Renorm_p: array([-11490.78073685,  -9543.88883632, -10186.48881051,  -9496.07278308,
       -15195.25990455,  -9407.23012979, -36010.81882375,  -9756.40464171,
       -12744.93239671,  -9169.63879787, -10739.22969956,  -9012.04042157,
        -8846.95960505,  -9800.25404215,  -9367.21248347, -10562.85733444,
       -60370.88334035,  -8774.82185114,  -8942.24768561, -41253.33012759,
        -6324.24471155,  -5833.31584192,  -6120.13001712, -16236.31510147,
        -6753.25588499,  -7636.30712474,  -6858.68806535,  -6403.47439794,
        -9431.84643611,  -6142.77224391,  -9171.46730508, -12270.97066881,
                  -inf,  -9106.76376382, -10649.75863153,  -9057.55555422,
       -10469.04579937, -23478.64747901,  -9083.19646709, -28696.02632671])
llh_GD_PWL_Renorm_Kc: array([-11490.78073685,  -9543.88883632, -10186.48881051,  -9496.07278308,
       -15195.25990455,  -9407.23012979, -36010.81882375,  -9756.40464171,
       -12744.93239671,  -9169.63879787, -10739.22969956,  -9012.04042157,
        -8846.95960505,  -9800.25404215,  -9367.21248347, -10562.85733444,
       -60370.88334035,  -8774.82185114,  -8942.24768561, -41253.33012759,
        -6324.24471155,  -5833.31584192,  -6120.13001712, -16236.31510147,
        -6753.25588499,  -7636.30712474,  -6858.68806535,  -6403.47439794,
        -9431.84643611,  -6142.77224391,  -9171.46730508, -12270.97066881,
                  -inf,  -9106.76376382, -10649.75863153,  -9057.55555422,
       -10469.04579937, -23478.64747901,  -9083.19646709, -28696.02632671,
       -59210.25055996])
llh_GD_PWL_Renorm_Kp: array([ -10629.72795682,   -9937.88213684,  -10453.72080666,
         -9974.52662064,  -37361.52003517,   -9987.07026905,
       -342743.68476233,   -9481.12289331,   -9726.63041228,
         -9932.85652445,  -11344.72778779,   -8960.79508128,
         -9308.75342248,   -8956.03673711,   -9725.29194737,
        -12246.31830896, -174454.44382241,   -9152.01790676,
         -9292.28653519, -546684.96912841,   -9694.49774493,
         -6164.23488177,   -6423.04008133,  -14557.65898665,
        -18228.26023025,   -5635.03644683,   -8214.87358784,
         -8041.63654908,   -7003.02715761,   -6110.02372608,
         -9458.79432309,   -9541.82608018,             -inf,
         -9394.25077498,  -11633.32704867,  -12692.88069109,
        -10484.4628399 ,  -55182.23218798,  -11303.90631828,
        -40754.80691275])
llh_GD_QEXP: array([  7.36377410e+01,  -3.52449126e+03,  -9.59350971e+03,
        -6.78348059e+03,  -3.18664093e+03,  -4.31797453e+03,
        -1.31761510e+04,  -5.84443760e+03,  -2.84897445e+04,
         6.81669705e+03,  -1.17266568e+03,  -7.64231192e+03,
        -1.49397949e+03,   7.86186623e+03,  -1.87370174e+03,
         1.23066258e+04,  -5.36947745e+03,   1.58347341e+04,
        -7.82054131e+03,   4.69179695e+02,  -4.86687738e+04,
        -4.72608309e+03,   9.94279900e+04,  -8.00989425e+03,
        -2.14769680e+03,  -1.70461082e+03,  -1.02780277e+04,
         3.44006653e+03,  -9.51534928e+02,  -6.22969078e+02,
        -4.49316716e+02,   1.82990137e+04,  -1.54374734e+03,
         2.05082398e+04,  -4.18828635e+03,  -1.85319035e+03,
        -1.15710292e+04,   5.67793275e+02,  -1.40738479e+03,
        -4.36277549e+03])
llh_GD_QEXP_Renorm_a: array([-30606.76415682, -29847.33286607, -30001.72646779, -30305.67982577,
       -30577.99127549, -30565.2087607 , -30435.62329119, -30672.86437643,
       -30233.12281906,  -1312.46356848, -26169.86232336,  -9775.0030666 ,
       -26859.52494982,    348.9518571 , -26884.96942859,    621.47475661,
       -26905.1967602 ,   7605.26923748, -26704.30323597, -26695.12719827,
       -72547.69014766, -72724.81089003,  50631.08958288, -72105.96953898,
       -70060.60689758, -72972.34897443, -69792.80782732, -72331.07375564,
       -72917.78372328, -71678.62938648, -29177.05337959,   2831.00025043,
       -29893.0945958 ,   9215.54108993, -29680.76182744, -29104.41148025,
       -29717.25216013, -29287.85300117, -12422.16447914, -29384.69774032])
lllh_GD_QEXP_Renorm_q: array([ -30606.76415682,  -29847.33286607,  -30001.72646779,
        -30305.67982577,  -30577.99127549,  -30565.2087607 ,
        -30435.62329119,  -30672.86437643,  -30233.12281906,
         29165.49064157,  -26169.86232336,  -12834.24644395,
        -26859.52494982,   24688.92374933,  -26884.96942859,
         30323.40383647,  -26905.1967602 ,   23820.12130667,
        -26704.30323597,  -26695.12719827,  -72547.69014766,
        -72724.81089003,  133226.01506328,  -72105.96953898,
        -70060.60689758,  -72972.34897443,  -69792.80782732,
        -72331.07375564,  -72917.78372328,  -71678.62938648,
        -29177.05337959,   38617.92234692,  -29893.0945958 ,
         30568.75824602,  -29680.76182744,  -29104.41148025,
        -29717.25216013,  -29287.85300117,   17850.41996946,
        -29384.69774032])
llh_GD_QEXP_Renorm_aq: array([-30606.76415682, -29847.33286607, -30001.72646779, -30305.67982577,
       -30577.99127549, -30565.2087607 , -30435.62329119, -30672.86437643,
       -30233.12281906,  15240.81574432, -26169.86232336, -11364.9805614 ,
       -26859.52494982,  13900.90628659, -26884.96942859,  17930.81692481,
       -26905.1967602 ,  16680.03377902, -26704.30323597, -26695.12719827,
       -72547.69014766, -72724.81089003,  99310.29826497, -72105.96953898,
       -70060.60689758, -72972.34897443, -69792.80782732, -72331.07375564,
       -72917.78372328, -71678.62938648, -29177.05337959,  24595.11038169,
       -29893.0945958 ,  21427.40646188, -29680.76182744, -29104.41148025,
       -29717.25216013, -29287.85300117,   -824.44633907, -29384.69774032])
llh_GD_RAY: array([ -9029.77169702,  -8921.33802424, -11042.38989822,  -9056.29764055,
        -9066.6569499 ,  -9028.5660295 ,  -9067.53445867,  -9071.12903689,
       -11042.40557345,  -8978.03442328,  -8436.14299102,  -8640.09705212,
        -8595.4966198 ,  -9363.14462405,  -8886.66237996,  -8872.77635923,
        -8766.84873021,  -8542.83805037,  -9944.13555664,  -8555.39576201,
        -5835.23006419,  -5298.46704528,  -5996.05094157,  -6816.52735061,
        -5942.92481019,  -5578.93091688,  -6066.4179667 ,  -5765.5083034 ,
        -5437.87997601,  -6308.46913772,  -9443.59912321,  -8813.20987074,
        -8924.99128064,  -8962.38754057,  -8877.95976368,  -8900.5120643 ,
        -9220.27904233,  -9441.89268023,  -9572.4961704 ,  -9041.27962549])
llh_GD_RAY_Renorm_gamma: array([-15402.7597556 , -14027.33864817, -12808.7059419 , -15832.84506817,
       -14471.05135803, -10659.46071691, -15596.71566992, -11142.58882933,
       -11142.70266851, -15735.00111747, -11928.46136194, -14051.14178385,
       -16083.13287794, -12825.87918408, -10984.19784678, -14302.22638926,
       -14125.77300581, -14516.05356274, -13146.457859  , -15076.70573356,
        -7069.37433883,  -5911.8744498 ,  -6216.49932772,  -6984.93940857,
        -6365.34608211,  -6861.4547331 ,  -6844.67180821,  -6559.12594904,
        -5737.77146057,  -8131.28331173, -10001.95881004, -14372.394379  ,
       -13526.82190643, -10749.70427312, -15231.64996811, -15506.38949899,
       -11681.39722315, -13635.05297443,  -9675.81128856,            -inf])
llh_GD_RAY_Renorm_eta: array([-10100.50604292, -10362.85641627, -13012.50967786, -11939.2839036 ,
       -11024.85865863,  -9705.52344527, -11495.73434937,  -9668.09985692,
       -11354.90773946, -10914.74537232,  -9331.34863483, -11293.76521177,
       -10869.64302465, -11985.35174323,  -9799.50416531, -10165.68273977,
       -11097.21348553,  -8834.47942193, -11614.56310496, -10778.41527554,
        -6448.3867125 ,  -5608.96463078,  -6327.04044946,  -6719.43276645,
        -6429.08476426,  -5866.8978804 ,  -6491.66556007,  -6332.18192125,
        -5690.8196492 ,  -6422.05280545,  -9926.25430604, -10399.8240017 ,
        -9894.6254631 ,  -9708.48700747, -10467.16864037, -11480.16804928,
       -10762.43144515, -12333.8941967 ,  -9173.87069392, -29440.84794231])
llh_GD_RAY_Renorm_gammaeta: array([-11708.46994621, -11656.89418021, -12909.64087428, -13636.50269051,
       -12439.95935824, -10045.55706001, -13181.18121449, -10141.59338322,
       -11246.44449782, -12809.28535251, -10236.064538  , -12509.73041791,
       -13030.48873886, -12391.63987252, -10308.81114368, -11782.83945527,
       -12408.05534666,  -9818.46306526, -12331.87878944, -12563.14479915,
        -6725.77737058,  -5694.75697093,  -6268.68226425,  -6848.60660499,
        -6388.05867688,  -6261.93034143,  -6623.02685488,  -6438.87991899,
        -5712.76469452,  -7079.94262153,  -9963.30080087, -11852.55211439,
       -11102.12982861, -10094.01700726, -12211.97630508, -13184.94180065,
       -11177.61652797, -12953.26250846,  -9352.13968902,            -inf])
