llh_GD_EXP: array([-10882.60886364,  -9034.13065799,  -9368.13175537,  -9111.88201749,
        -9229.67631473,  -9333.60274054,  -9205.64241243,  -9110.15235061,
        -9029.36164146,  -9147.85047947,  -8410.11560397,  -8488.81394915,
        -8747.78690064,  -9890.85387171,  -8605.77671875,  -8965.43701749,
        -8567.50211239,  -9028.35702602,  -8839.18338712,  -8498.26444452,
        -5934.48567548,  -5507.16787365,  -6306.56209634,  -6112.33491729,
        -6242.40610802,  -6637.15172889,  -6250.09169196,  -5622.01530513,
        -7430.96452996,  -6205.77116182,  -8854.74838935,  -8875.49225064,
        -9174.53493045,  -8883.85491183,  -8923.5663975 ,  -9229.93520331,
        -9026.42432105,  -8868.92561501,  -9304.81220303,  -8974.38204979])
llh_GD_EXP_Renorm_alpha: array([ -9408.35345741,  -9470.76176125,  -9557.39745878,  -9106.5206678 ,
                  -inf, -11374.15203369, -12469.75609576, -10356.21166194,
       -13556.62111661, -12449.32097241, -15305.845678  ,  -9423.62376966,
       -13707.70059942,  -9884.19029832, -12246.43712482, -11785.64002082,
        -9863.04508769,            -inf,  -9533.31709573, -14865.51125015,
        -6803.54242375,  -6356.93666851,  -6327.81745706,  -5584.1390124 ,
        -7162.127121  ,  -5739.323917  ,  -6375.53089674,  -5945.03776681,
        -6245.19134131,  -6437.52058179,  -9728.02242623, -10244.56150406,
       -15043.56226741, -12935.53460502,  -9922.94594171, -14964.14894047,
       -12475.07848579, -12995.40332815, -11230.32049243, -12622.16830425])
llh_GD_EXP_Renorm_beta: array([-13340.6998312 , -18715.11287892, -10191.19744094, -12101.42600822,
       -44247.12162601, -12152.13830508, -44026.73611074, -12175.37938387,
       -17298.33648826, -14497.49937727, -23659.15167503, -11706.51727764,
       -15693.89144424, -10001.39873148, -15702.30687679, -12657.82642069,
       -18884.54431036,            -inf,  -9967.30625339, -22653.42271134,
        -8601.74441964,  -9361.17156127,  -7320.91231138, -11840.92135923,
        -9911.26579805,  -7531.0425927 ,  -7801.53270032,  -7024.39694985,
       -22510.42557497,  -9699.8351926 , -12651.75140182, -12403.58383669,
       -16707.4062192 , -22274.71108636, -11740.86687665, -16037.83238218,
       -14721.26149117, -23888.63074405, -11592.97180437, -15143.8683047 ])
llh_GD_EXP_Renorm_alphabeta: array([-10608.77428036, -12628.18562128,  -9729.23098469, -10000.48074583,
       -44247.33373885, -11583.36622201, -44026.64825198, -10875.87072992,
       -14665.36027051, -13026.80970187, -18224.85650258, -10098.42577661,
       -14250.9319458 ,  -9913.48820406, -13291.90793658, -12019.48915812,
       -13005.2065328 ,            -inf,  -9649.83861024, -17524.24779924,
        -7287.16183286,  -7184.56825894,  -6593.77354683,  -7392.92102423,
        -7917.89691922,  -6223.34785149,  -6758.25531531,  -6231.05957824,
       -11386.90261722,  -7341.88116534, -10599.92272471, -10871.86439062,
       -15465.06860986, -16164.10959216, -10443.92252062, -15216.14458505,
       -13113.66957019, -16891.54850482, -11323.59167307, -13346.36060333])
llh_GD_PWL: array([ -9074.99479376,  -9415.30235205,  -8964.33381322,  -9442.00592118,
       -15103.10623058,  -9515.27765002, -43626.95810986,  -9040.38455328,
        -9011.527868  ,  -9047.37494889,  -8454.21681314,  -8541.37552134,
        -9176.59506601,  -8635.32095068,  -8565.64459978, -10236.38722582,
       -62539.41506744,  -8629.38917798,  -8667.92109987, -46565.03135474,
        -6553.58646936,  -6014.4903996 ,  -6586.30905156, -27971.80651242,
        -9611.79565264,  -6558.46003839, -11174.48563412, -10874.7638552 ,
        -7253.58514121,  -6493.26622523,  -8900.4268109 ,  -8850.11151581,
        -8977.95079686,  -8966.95224668, -10506.51076843,  -8891.48338749,
        -8936.8576885 , -23859.04139526,  -9763.45186838, -28885.31361209])
llh_GD_PWL_Renorm_K: array([ -1.42509745e+04,  -1.06726636e+04,  -1.18161140e+04,
        -1.12581674e+04,  -7.77325124e+04,  -1.42426834e+04,
        -3.14997394e+06,  -1.08715244e+04,  -1.15772199e+04,
        -1.26741741e+04,  -1.36904032e+04,  -1.16311281e+04,
        -1.19926898e+04,  -1.33651345e+04,  -1.10190334e+04,
        -1.37815329e+04,  -4.88719493e+05,  -1.00134236e+04,
        -1.00066537e+04,  -6.81801827e+06,  -1.26977619e+04,
        -6.71855162e+03,  -7.64638506e+03,  -1.49133850e+04,
        -6.02227238e+04,  -7.04050243e+03,  -2.07807120e+04,
        -1.46824971e+04,  -2.26162443e+04,  -6.85980856e+03,
        -1.04261394e+04,  -1.09671358e+04,             -inf,
        -1.05746525e+04,  -1.33272768e+04,  -1.69319704e+04,
        -1.24790439e+04,  -1.20788081e+05,  -1.61393454e+04,
        -5.68557751e+04])
llh_GD_PWL_Renorm_c: array([-19484.35481536, -11164.97066582, -15712.59587201, -12080.53292724,
       -16601.95227325, -14757.76428663, -48290.84434393, -15459.52757285,
       -20397.87358735, -13655.6961273 , -17160.15584984, -14428.19351299,
       -13349.51025649, -15342.81498161, -13932.78223463, -11039.72104115,
       -73958.5926279 , -11391.99276749, -11467.50092201, -56959.69941772,
       -10427.8708029 ,  -8549.64383263,  -9509.95291111, -16436.6920374 ,
       -15733.02522385, -16044.69642861, -17354.64448061, -13257.151837  ,
       -18204.42525926, -10701.57830657, -12693.94875634, -19789.1579268 ,
                  -inf, -12688.85150485, -12077.23880403, -11353.9505152 ,
       -17114.09468096, -28224.65365945, -13089.52695289, -30252.25347222])
lllh_GD_PWL_Renorm_p: array([-11586.41813002,  -9549.7403484 , -10225.20843209,  -9501.28879591,
       -15170.66085392,  -9429.71743134, -35970.26043682,  -9786.99678995,
       -12908.27936636,  -9183.38547947, -10817.13474053,  -9036.94847681,
        -8855.33940053,  -9860.52031274,  -9390.96113257, -10565.64672349,
       -60337.74312837,  -8778.66344241,  -8950.03566781, -41217.79110968,
        -6324.10528304,  -5831.28092029,  -6124.54304288, -16195.62542994,
        -6763.73609608,  -7711.32753656,  -6874.93217942,  -6393.02065233,
        -9588.20993843,  -6150.405405  ,  -9181.8666846 , -12416.84209122,
                  -inf,  -9114.60744363, -10653.47907053,  -9054.31010826,
       -10522.61019568, -23451.40348175,  -9083.16223862, -28698.21249097])
llh_GD_PWL_Renorm_Kc: array([-11586.41813002,  -9549.7403484 , -10225.20843209,  -9501.28879591,
       -15170.66085392,  -9429.71743134, -35970.26043682,  -9786.99678995,
       -12908.27936636,  -9183.38547947, -10817.13474053,  -9036.94847681,
        -8855.33940053,  -9860.52031274,  -9390.96113257, -10565.64672349,
       -60337.74312837,  -8778.66344241,  -8950.03566781, -41217.79110968,
        -6324.10528304,  -5831.28092029,  -6124.54304288, -16195.62542994,
        -6763.73609608,  -7711.32753656,  -6874.93217942,  -6393.02065233,
        -9588.20993843,  -6150.405405  ,  -9181.8666846 , -12416.84209122,
                  -inf,  -9114.60744363, -10653.47907053,  -9054.31010826,
       -10522.61019568, -23451.40348175,  -9083.16223862, -28698.21249097,
       -59746.19482307])
llh_GD_PWL_Renorm_Kp: array([ -10679.79590136,   -9955.42904469,  -10502.38509006,
         -9990.52040783,  -37534.31319779,   -9993.91538829,
       -344285.20613303,   -9493.83325167,   -9751.97574253,
         -9941.61075372,  -11465.7335803 ,   -8972.62353642,
         -9316.70387723,   -8960.78794286,   -9758.59587475,
        -12283.8566779 , -175254.08577616,   -9161.51795646,
         -9308.38617817, -549154.39793163,   -9730.01199607,
         -6176.36613224,   -6436.08768916,  -14615.17096134,
        -18282.89471558,   -5640.27228279,   -8215.55086888,
         -8051.64802509,   -6998.48593828,   -6119.5935719 ,
         -9474.53854311,   -9564.91773776,             -inf,
         -9405.02153095,  -11660.1154053 ,  -12726.00316327,
        -10534.66693546,  -55434.70746179,  -11321.44586923,
        -40955.04056018])
llh_GD_QEXP: array([  7.36377410e+01,  -3.52449126e+03,  -9.59350971e+03,
        -6.78348059e+03,  -3.18664093e+03,  -4.31797453e+03,
        -1.31761510e+04,  -5.84443760e+03,  -2.84897445e+04,
         6.81669705e+03,  -1.17266568e+03,  -7.64231192e+03,
        -1.49397949e+03,   7.86186623e+03,  -1.87370174e+03,
         1.23066258e+04,  -5.36947745e+03,   1.58347341e+04,
        -7.82054131e+03,   4.69179695e+02,  -4.86687738e+04,
        -4.72608309e+03,   9.94279900e+04,  -8.00989425e+03,
        -2.14769680e+03,  -1.70461082e+03,  -1.02780277e+04,
         3.44006653e+03,  -9.51534928e+02,  -6.22969078e+02,
        -4.49316716e+02,   1.82990137e+04,  -1.54374734e+03,
         2.05082398e+04,  -4.18828635e+03,  -1.85319035e+03,
        -1.15710292e+04,   5.67793275e+02,  -1.40738479e+03,
        -4.36277549e+03])
llh_GD_QEXP_Renorm_a: array([ -44285.99889822,  -43106.83253743,  -43346.09060687,
        -43819.77290027,  -44241.17057705,  -44221.50715947,
        -44020.81902783,  -44388.79726603,  -43705.93047683,
        -14653.55058766,  -37440.78108916,  -20873.3148374 ,
        -38497.42519761,  -11034.77247854,  -38536.63148196,
        -11035.3447064 ,  -38568.32698488,   -3905.72674393,
        -38259.63265031,  -38245.86934409, -113876.68592318,
       -114186.83745278,    9737.27513245, -113100.09471218,
       -109517.99711493, -114622.4535467 , -109050.65186383,
       -113494.92786426, -114526.60287882, -112349.35212867,
        -42069.57156896,   -9881.74014319,  -43177.82424405,
         -3754.24190122,  -42848.51612831,  -41957.93788715,
        -42905.64916936,  -42240.00568137,  -25162.31582786,
        -42389.60400855])
lllh_GD_QEXP_Renorm_q: array([ -44285.99889822,  -43106.83253743,  -43346.09060687,
        -43819.77290027,  -44241.17057705,  -44221.50715947,
        -44020.81902783,  -44388.79726603,  -43705.93047683,
         34299.03378837,  -37440.78108916,   -3064.99691466,
        -38497.42519761,   28312.40954932,  -38536.63148196,
         32533.20816825,  -38568.32698488,   26363.99170861,
        -38259.63265031,  -38245.86934409, -113876.68592318,
       -114186.83745278,  136767.70827435, -113100.09471218,
       -109517.99711493, -114622.4535467 , -109050.65186383,
       -113494.92786426, -114526.60287882, -112349.35212867,
        -42069.57156896,   39800.6072582 ,  -43177.82424405,
         32669.08171077,  -42848.51612831,  -41957.93788715,
        -42905.64916936,  -42240.00568137,   33654.29654509,
        -42389.60400855])
llh_GD_QEXP_Renorm_aq: array([ -44285.99889822,  -43106.83253743,  -43346.09060687,
        -43819.77290027,  -44241.17057705,  -44221.50715947,
        -44020.81902783,  -44388.79726603,  -43705.93047683,
         16007.26906031,  -37440.78108916,  -13245.17127866,
        -38497.42519761,   13698.48390115,  -38536.63148196,
         16705.63778614,  -38568.32698488,   14448.61927736,
        -38259.63265031,  -38245.86934409, -113876.68592318,
       -114186.83745278,   86984.52574304, -113100.09471218,
       -109517.99711493, -114622.4535467 , -109050.65186383,
       -113494.92786426, -114526.60287882, -112349.35212867,
        -42069.57156896,   21741.08377097,  -43177.82424405,
         18412.74915124,  -42848.51612831,  -41957.93788715,
        -42905.64916936,  -42240.00568137,    -747.66722196,
        -42389.60400855])
llh_GD_RAY: array([ -9029.77169702,  -8921.33802424, -11042.38989822,  -9056.29764055,
        -9066.6569499 ,  -9028.5660295 ,  -9067.53445867,  -9071.12903689,
       -11042.40557345,  -8978.03442328,  -8436.14299102,  -8640.09705212,
        -8595.4966198 ,  -9363.14462405,  -8886.66237996,  -8872.77635923,
        -8766.84873021,  -8542.83805037,  -9944.13555664,  -8555.39576201,
        -5835.23006419,  -5298.46704528,  -5996.05094157,  -6816.52735061,
        -5942.92481019,  -5578.93091688,  -6066.4179667 ,  -5765.5083034 ,
        -5437.87997601,  -6308.46913772,  -9443.59912321,  -8813.20987074,
        -8924.99128064,  -8962.38754057,  -8877.95976368,  -8900.5120643 ,
        -9220.27904233,  -9441.89268023,  -9572.4961704 ,  -9041.27962549])
llh_GD_RAY_Renorm_gamma: array([-17907.71381532, -15932.10428227, -14115.62471997, -18696.57086677,
       -16550.32824951, -10916.7366624 , -18196.31209065, -11575.43172488,
       -11652.9885565 , -18540.60129974, -12971.63234789, -16197.96819034,
       -19269.42119759, -14234.79377175, -11515.82974611, -16392.64465444,
       -16161.46329833, -16824.01187211, -14729.19398576, -17734.66327673,
        -7417.25572414,  -6151.40874628,  -6267.36389319,  -7427.77238531,
        -6439.119693  ,  -7275.52998282,  -7094.85449406,  -6874.60819225,
        -5903.71556603,  -8631.89345611, -10114.59634624, -16582.68200635,
       -15165.74653521, -11118.22031689, -17941.75645107, -18308.503343  ,
       -12407.64870057, -15294.27390859,  -9725.77917891,            -inf])
llh_GD_RAY_Renorm_eta: array([-10178.99093569, -10563.87651263, -14383.14058646, -12789.95718423,
       -11417.19852099,  -9728.08622105, -12111.14988008,  -9686.03330052,
       -11942.71511727, -11267.65842731,  -9406.91288221, -12052.44586341,
       -11354.99658477, -12979.83600647,  -9913.85739309, -10365.2721416 ,
       -11633.06309535,  -8842.80792296, -12426.92305715, -11252.15139241,
        -6663.40068   ,  -5738.24595458,  -6372.30348508,  -7091.74526521,
        -6483.31168917,  -6072.25300086,  -6638.986327  ,  -6592.02694649,
        -5833.82568158,  -6594.03547725, -10009.93620231, -10606.46334603,
        -9954.62745235,  -9760.03933312, -10673.33178875, -12153.68362683,
       -11094.94095574, -13323.81456198,  -9182.06696008, -42395.38421427])
llh_GD_RAY_Renorm_gammaeta: array([-12397.17362356, -12395.13107135, -14248.22426724, -15285.91836636,
       -13450.7022991 , -10120.34236461, -14551.80212744, -10230.92921571,
       -11794.41130811, -14028.95849261, -10545.97459756, -13866.16744437,
       -14566.34827859, -13579.49479266, -10570.99388363, -12573.04628856,
       -13568.20525886,  -9958.60454625, -13489.69449358, -13903.36508454,
        -7000.10349748,  -5871.59891085,  -6316.13714807,  -7254.76835292,
        -6450.06897115,  -6555.3865145 ,  -6815.60106582,  -6725.01840042,
        -5866.67297794,  -7366.33869918, -10060.72039112, -12739.64877097,
       -11518.38002799, -10239.79810407, -13242.60931155, -14671.74525749,
       -11679.88366269, -14251.74875132,  -9368.01455188,            -inf])
